area,bankssts,caudalanteriorcingulate,caudalmiddlefrontal,cuneus,entorhinal,frontalpole,fusiform,inferiorparietal,inferiortemporal,insula,isthmuscingulate,lateraloccipital,lateralorbitofrontal,lingual,medialorbitofrontal,middletemporal,paracentral,parahippocampal,parsopercularis,parsorbitalis,parstriangularis,pericalcarine,postcentral,posteriorcingulate,precentral,precuneus,rostralanteriorcingulate,rostralmiddlefrontal,superiorfrontal,superiorparietal,superiortemporal,supramarginal,temporalpole,transversetemporal
bankssts,1.0,0.17383557931047738,0.253743078656342,0.19737869601966637,0.4526394800630508,0.29710858639733617,0.6796257666617861,0.6163383965818157,0.7555851211042998,0.5498473854826873,0.2674415889381284,0.37101062697135156,0.4401692179493668,0.16882248645338044,0.416676779746781,0.8346353861863461,0.3107730759025767,0.42525580216705383,0.19274146011529478,0.43024250437907813,0.2989535121719246,0.197440570311923,0.43057523274729287,0.2528647511142408,0.3253177331769871,0.2345445817811528,0.22951085821904102,0.34968470444110344,0.3266932501215211,0.426472295076759,0.8371525321339041,0.48147286760986685,0.7197749965747098,0.6432964016691746
caudalanteriorcingulate,0.17383557931047738,1.0,0.24962760125930808,0.33988278634962954,0.5130576857547139,0.307586711306485,0.2748671646662903,0.2547955150498295,0.17328074829810328,0.3037013987376324,0.7230472678619145,0.35217807982501254,0.22765551924581615,0.3247244754654236,0.2593344218105043,0.17864876884271663,0.5663939036938528,0.5273160196681842,0.21341934020202494,0.276868283705735,0.2620152000299017,0.3219527204291423,0.3369188320016302,0.8118009265959043,0.29543376186689935,0.5465491318981163,0.9552564717691259,0.32868318577645483,0.5810941104675433,0.3908208344981639,0.23567003737929437,0.3173128855773579,0.23012561576169616,0.2545563576690466
caudalmiddlefrontal,0.253743078656342,0.24962760125930808,1.0,0.3346729105525141,0.27242418693441717,0.5682450469995403,0.3707654989762143,0.5334478103263455,0.28818661936363027,0.5595405229021955,0.2283314829641614,0.4176300354951859,0.5180169832920775,0.3234612892621686,0.479699266688622,0.31832317331482035,0.4730126206259395,0.34702968143043594,0.9076036692730237,0.6766982779865016,0.8500258859707588,0.31157143741834015,0.44602377993151227,0.3012568254191071,0.6171210869677268,0.3649791712925547,0.32733710115846454,0.8670038036915675,0.8201341773684357,0.5127024953157925,0.3748804900885533,0.5353937428827379,0.31504310808818803,0.32485725035110946
cuneus,0.19737869601966637,0.33988278634962954,0.3346729105525141,1.0,0.43034464331870104,0.1228828859504621,0.45408930176252604,0.3912855755371887,0.20378924555206854,0.3015065142068039,0.6774691466526975,0.9432127506917757,0.17209738329458943,0.9792904866184744,0.0952832757022859,0.2167090865587462,0.6055380878025745,0.68134183362007,0.20616905585124579,0.19744602439757497,0.20298232187693405,0.9578425426348162,0.5164885551998994,0.5168250600720417,0.5323319318917876,0.8006176871842173,0.30404993361948085,0.28801203748385534,0.4057185238856458,0.756931397081402,0.2929478022064619,0.5149300462786927,0.13692026826624115,0.3195153875243228
entorhinal,0.4526394800630508,0.5130576857547139,0.27242418693441717,0.43034464331870104,1.0,0.2748028730942195,0.7015015223650161,0.43514086343131125,0.4844658634277034,0.47764337653973105,0.6753490961107439,0.5223013237270923,0.38299154580036754,0.4304472267247703,0.34457786581619704,0.4539519050262905,0.4920458822906572,0.8658907152048391,0.18640001615286625,0.3589148726702173,0.26653881041987276,0.43988194314825296,0.5023486908056307,0.5323483545958994,0.43609067803504076,0.5460632304065922,0.5115702877815115,0.318102923468095,0.43672857522801395,0.5478947987598229,0.5139368668555889,0.4856725228433775,0.5226485967894086,0.4766744441198229
frontalpole,0.29710858639733617,0.307586711306485,0.5682450469995403,0.1228828859504621,0.2748028730942195,1.0,0.4086942260314838,0.4347945448455244,0.40214542851238017,0.7315208937096133,0.14369321411280417,0.2240133651244414,0.8332584045205057,0.09309543304972095,0.9111487098165355,0.40782457326773974,0.41497303002119196,0.2211612524831267,0.5545259393086386,0.8465931997906695,0.6977604853643294,0.0977262980073148,0.27261287745039625,0.3349266312990952,0.2739380608581226,0.1805837334676598,0.4735202100144071,0.7770483584960491,0.7320384633299313,0.310197944705722,0.43682551101309386,0.27698685504334003,0.6042243974937979,0.35469995032889623
fusiform,0.6796257666617861,0.2748671646662903,0.3707654989762143,0.45408930176252604,0.7015015223650161,0.4086942260314838,1.0,0.664273315546516,0.8768902132737489,0.6469477935327617,0.459748601486214,0.6329083087250961,0.5491587441483959,0.4448887251548193,0.5150437712463807,0.8322117744638305,0.47397398818260844,0.7122569426432406,0.27569123430796505,0.5279098579440484,0.3838259332426272,0.45068100970970626,0.58504263945687,0.3882316490545436,0.5007413561949853,0.45609428614199876,0.32789005196553883,0.45781719852027786,0.4720315059060007,0.6218920683990165,0.7797574155272867,0.6105156592706513,0.7854636468495064,0.6264371134118326
inferiorparietal,0.6163383965818157,0.2547955150498295,0.5334478103263455,0.3912855755371887,0.43514086343131125,0.4347945448455244,0.664273315546516,1.0,0.6584739544935804,0.6727706108648147,0.3584259575153569,0.5793884752160333,0.5125800973427008,0.33949192896953334,0.43879225478316164,0.7244728720452847,0.45357940665133434,0.46721967708075146,0.4325331752245853,0.595791772312626,0.5250089910684571,0.36784164137514086,0.6531649853534696,0.3301771879197273,0.6037313007803575,0.49229531944679167,0.31719765752085766,0.6278096123585157,0.5724878930341236,0.7633940523535138,0.7313608850531145,0.719094243539731,0.590052207408496,0.6085392640437337
inferiortemporal,0.7555851211042998,0.17328074829810328,0.28818661936363027,0.20378924555206854,0.4844658634277034,0.40214542851238017,0.8768902132737489,0.6584739544935804,1.0,0.63265401640193,0.2557487397941305,0.41539130174143873,0.5548675273238906,0.18353923071557368,0.5367646720777224,0.9649218355935125,0.29938962858171436,0.4316048634891042,0.23110165399373422,0.529026021563301,0.3576982448201186,0.20357744256795027,0.4538013783419344,0.23876738947676707,0.35091369154014174,0.2314140441145358,0.25178725763011983,0.4140565770056708,0.36935849426746836,0.4414198394082415,0.8408815377160295,0.5074792963084354,0.8541988025026759,0.6067900563008528
insula,0.5498473854826873,0.3037013987376324,0.5595405229021955,0.3015065142068039,0.47764337653973105,0.7315208937096133,0.6469477935327617,0.6727706108648147,0.63265401640193,1.0,0.31602452867409503,0.45925015038958267,0.880192387737559,0.270244413096244,0.8109242578850536,0.6556082610699561,0.46757856968802536,0.423205207707397,0.5002676662528366,0.8805916127063349,0.6985868321564764,0.2907799988998031,0.5785483649251691,0.3660958116300197,0.54890560518208,0.39398052733526434,0.4607041697089376,0.7138570013163456,0.6731479713362819,0.5835509630822964,0.7294731571777775,0.5959352890480322,0.8228829220491338,0.6076211407206215
isthmuscingulate,0.2674415889381284,0.7230472678619145,0.2283314829641614,0.6774691466526975,0.6753490961107439,0.14369321411280417,0.459748601486214,0.3584259575153569,0.2557487397941305,0.31602452867409503,1.0,0.6857638345770652,0.18002253464110798,0.6845418165650111,0.1399813806611513,0.26317935598172704,0.6501739103395731,0.7693000497434261,0.13465023350062857,0.19818117582785963,0.16458980156202385,0.6857955156082522,0.4767854865991144,0.7848065601494585,0.44104870337310315,0.8239454289832737,0.6649801201046192,0.24337082636208418,0.4635110274833641,0.6528511520177541,0.32306165039889373,0.461551150756278,0.24560723466086898,0.33560021836855525
lateraloccipital,0.37101062697135156,0.35217807982501254,0.4176300354951859,0.9432127506917757,0.5223013237270923,0.2240133651244414,0.6329083087250961,0.5793884752160333,0.41539130174143873,0.45925015038958267,0.6857638345770652,1.0,0.3156953695125314,0.9398912871652932,0.23013077185074218,0.43378472879183505,0.6334718270109694,0.7416394520895003,0.28115722763133183,0.3422015486773615,0.30780773399236605,0.9173420083462938,0.6187483124818791,0.5341350334239512,0.6192374634200055,0.8005557883928615,0.33688700659563464,0.4034336956963732,0.4851412816859144,0.8378232865707341,0.4798143133525234,0.642465092176137,0.3385574517566151,0.4485792159073558
lateralorbitofrontal,0.4401692179493668,0.22765551924581615,0.5180169832920775,0.17209738329458943,0.38299154580036754,0.8332584045205057,0.5491587441483959,0.5125800973427008,0.5548675273238906,0.880192387737559,0.18002253464110798,0.3156953695125314,1.0,0.15670030359344522,0.9535260722390609,0.5582583061268649,0.3264546753470466,0.3036347248059828,0.5012760714880874,0.9363459246207035,0.6987564775694246,0.1664395529588979,0.3450034080507993,0.265672191008419,0.33489468990178617,0.21828585025403685,0.3964596296525523,0.7038382582753804,0.5976725518828632,0.3733625657041173,0.6097051690869334,0.3707433445865029,0.7992844969053575,0.49540142943370796
lingual,0.16882248645338044,0.3247244754654236,0.3234612892621686,0.9792904866184744,0.4304472267247703,0.09309543304972095,0.4448887251548193,0.33949192896953334,0.18353923071557368,0.270244413096244,0.6845418165650111,0.9398912871652932,0.15670030359344522,1.0,0.07633759223485481,0.19126747382490403,0.5886358915314369,0.691447053669631,0.19581285191863262,0.1761994586767184,0.18004969190854092,0.9647850391496873,0.4772763602499733,0.5113202956949395,0.5099191112363133,0.7761280874506424,0.27823037680630863,0.2612735796510392,0.37233734073561586,0.7169175926305534,0.2588617079471957,0.4917284743782206,0.11553593751004865,0.27963035879541615
medialorbitofrontal,0.416676779746781,0.2593344218105043,0.479699266688622,0.0952832757022859,0.34457786581619704,0.9111487098165355,0.5150437712463807,0.43879225478316164,0.5367646720777224,0.8109242578850536,0.1399813806611513,0.23013077185074218,0.9535260722390609,0.07633759223485481,1.0,0.5336959048090153,0.3357337337728892,0.25385593455131444,0.46890535573722825,0.8953309915113788,0.6547172092778079,0.08470829631880882,0.28802427398945146,0.2841138686808674,0.2562669856833078,0.14167641220097407,0.43450686864272,0.68565603515379,0.616012655321012,0.28461011157566346,0.5675894118152712,0.29388210361756356,0.7840182841040335,0.45302958170391494
middletemporal,0.8346353861863461,0.17864876884271663,0.31832317331482035,0.2167090865587462,0.4539519050262905,0.40782457326773974,0.8322117744638305,0.7244728720452847,0.9649218355935125,0.6556082610699561,0.26317935598172704,0.43378472879183505,0.5582583061268649,0.19126747382490403,0.5336959048090153,1.0,0.328649032131506,0.419184705836078,0.2506916530494086,0.5421649701554235,0.3770043776672307,0.21777131430536767,0.4985740758664462,0.2569894915892836,0.39288972091955565,0.25250376870202357,0.2569901376532324,0.4422236768084357,0.39358201886240046,0.4893522706694065,0.8860774107598126,0.5581884681883326,0.8493302099195826,0.6418709186374144
paracentral,0.3107730759025767,0.5663939036938528,0.4730126206259395,0.6055380878025745,0.4920458822906572,0.41497303002119196,0.47397398818260844,0.45357940665133434,0.29938962858171436,0.46757856968802536,0.6501739103395731,0.6334718270109694,0.3264546753470466,0.5886358915314369,0.3357337337728892,0.328649032131506,1.0,0.6291393983596417,0.34839971640176187,0.3695823510105404,0.3775971102531918,0.5891065459943575,0.5695776049955159,0.8465031470914071,0.558753822035793,0.6731648866719503,0.5580011384635905,0.48343807668822186,0.7235301494840279,0.6727647412591121,0.40573321540943474,0.5545219689131161,0.31647438732317423,0.40056926434833645
parahippocampal,0.42525580216705383,0.5273160196681842,0.34702968143043594,0.68134183362007,0.8658907152048391,0.2211612524831267,0.7122569426432406,0.46721967708075146,0.4316048634891042,0.423205207707397,0.7693000497434261,0.7416394520895003,0.3036347248059828,0.691447053669631,0.25385593455131444,0.419184705836078,0.6291393983596417,1.0,0.2287869697270149,0.308123515114624,0.2639786318581368,0.6857277044300929,0.5733963619147648,0.6190643356025668,0.5407730491446414,0.6997105889501638,0.4862664321077112,0.3428469543773907,0.4858663272938847,0.6891929317717421,0.48545694213813817,0.5757577509194304,0.40226574053017755,0.4590218252269384
parsopercularis,0.19274146011529478,0.21341934020202494,0.9076036692730237,0.20616905585124579,0.18640001615286625,0.5545259393086386,0.27569123430796505,0.4325331752245853,0.23110165399373422,0.5002676662528366,0.13465023350062857,0.28115722763133183,0.5012760714880874,0.19581285191863262,0.46890535573722825,0.2506916530494086,0.34839971640176187,0.2287869697270149,1.0,0.6910774749141907,0.9303437221444494,0.18406423108357983,0.2640732246379763,0.22328813634274272,0.4214395115042213,0.2415888446108889,0.2945740822115443,0.865510864022614,0.7610014829029299,0.3514825361819377,0.29967386156861975,0.35757272693616243,0.28563303180814514,0.251274144634451
parsorbitalis,0.43024250437907813,0.276868283705735,0.6766982779865016,0.19744602439757497,0.3589148726702173,0.8465931997906695,0.5279098579440484,0.595791772312626,0.529026021563301,0.8805916127063349,0.19818117582785963,0.3422015486773615,0.9363459246207035,0.1761994586767184,0.8953309915113788,0.5421649701554235,0.3695823510105404,0.308123515114624,0.6910774749141907,1.0,0.8675352196322639,0.18286262437798945,0.353316523443255,0.29427142905082465,0.38426515770324443,0.26041801278174964,0.44229119847586035,0.8681103435739533,0.7317766663567852,0.4201231159038732,0.5843575813281267,0.40051044227135507,0.7367092131311956,0.46945366114672654
parstriangularis,0.2989535121719246,0.2620152000299017,0.8500258859707588,0.20298232187693405,0.26653881041987276,0.6977604853643294,0.3838259332426272,0.5250089910684571,0.3576982448201186,0.6985868321564764,0.16458980156202385,0.30780773399236605,0.6987564775694246,0.18004969190854092,0.6547172092778079,0.3770043776672307,0.3775971102531918,0.2639786318581368,0.9303437221444494,0.8675352196322639,1.0,0.17891770569170307,0.3141388773840721,0.2674031483067568,0.4217324296088304,0.2676909432656943,0.3847871217643098,0.9298387659843236,0.8021232824868314,0.39688187654740054,0.4277880812275215,0.3871965370256301,0.48537098726126726,0.35077238525412546
pericalcarine,0.197440570311923,0.3219527204291423,0.31157143741834015,0.9578425426348162,0.43988194314825296,0.0977262980073148,0.45068100970970626,0.36784164137514086,0.20357744256795027,0.2907799988998031,0.6857955156082522,0.9173420083462938,0.1664395529588979,0.9647850391496873,0.08470829631880882,0.21777131430536767,0.5891065459943575,0.6857277044300929,0.18406423108357983,0.18286262437798945,0.17891770569170307,1.0,0.49919880476321343,0.5074642230179297,0.5187163760303106,0.773897243401388,0.283363480637703,0.2617478270759587,0.3747362333102607,0.7234615087478288,0.2863725990783764,0.5091122901272752,0.13484564285106393,0.3044725617827068
postcentral,0.43057523274729287,0.3369188320016302,0.44602377993151227,0.5164885551998994,0.5023486908056307,0.27261287745039625,0.58504263945687,0.6531649853534696,0.4538013783419344,0.5785483649251691,0.4767854865991144,0.6187483124818791,0.3450034080507993,0.4772763602499733,0.28802427398945146,0.4985740758664462,0.5695776049955159,0.5733963619147648,0.2640732246379763,0.353316523443255,0.3141388773840721,0.49919880476321343,1.0,0.41532511998018223,0.896847231224065,0.5946654332119347,0.3574259670902763,0.40891849518369516,0.5222581982143706,0.8039221521412183,0.6028795529654519,0.8878908513274854,0.4230248553747449,0.5857643233432482
posteriorcingulate,0.2528647511142408,0.8118009265959043,0.3012568254191071,0.5168250600720417,0.5323483545958994,0.3349266312990952,0.3882316490545436,0.3301771879197273,0.23876738947676707,0.3660958116300197,0.7848065601494585,0.5341350334239512,0.265672191008419,0.5113202956949395,0.2841138686808674,0.2569894915892836,0.8465031470914071,0.6190643356025668,0.22328813634274272,0.29427142905082465,0.2674031483067568,0.5074642230179297,0.41532511998018223,1.0,0.37510068038402716,0.6496926121529791,0.750320931639908,0.35189900333305674,0.618360665919842,0.538964720687325,0.3267936986530406,0.3875702273826388,0.2865021213544893,0.33413241885647615
precentral,0.3253177331769871,0.29543376186689935,0.6171210869677268,0.5323319318917876,0.43609067803504076,0.2739380608581226,0.5007413561949853,0.6037313007803575,0.35091369154014174,0.54890560518208,0.44104870337310315,0.6192374634200055,0.33489468990178617,0.5099191112363133,0.2562669856833078,0.39288972091955565,0.558753822035793,0.5407730491446414,0.4214395115042213,0.38426515770324443,0.4217324296088304,0.5187163760303106,0.896847231224065,0.37510068038402716,1.0,0.5881186053136177,0.31544170188555165,0.48932845039518963,0.5750459786884765,0.7834898853155827,0.48976185445177095,0.8821421334562467,0.3146410173889643,0.4714039165447028
precuneus,0.2345445817811528,0.5465491318981163,0.3649791712925547,0.8006176871842173,0.5460632304065922,0.1805837334676598,0.45609428614199876,0.49229531944679167,0.2314140441145358,0.39398052733526434,0.8239454289832737,0.8005557883928615,0.21828585025403685,0.7761280874506424,0.14167641220097407,0.25250376870202357,0.6731648866719503,0.6997105889501638,0.2415888446108889,0.26041801278174964,0.2676909432656943,0.773897243401388,0.5946654332119347,0.6496926121529791,0.5881186053136177,1.0,0.5178300557356695,0.35127708807801145,0.5225994619861523,0.8327710301756617,0.3461641237605549,0.5934816398141147,0.2025017084043043,0.3836938433971738
rostralanteriorcingulate,0.22951085821904102,0.9552564717691259,0.32733710115846454,0.30404993361948085,0.5115702877815115,0.4735202100144071,0.32789005196553883,0.31719765752085766,0.25178725763011983,0.4607041697089376,0.6649801201046192,0.33688700659563464,0.3964596296525523,0.27823037680630863,0.43450686864272,0.2569901376532324,0.5580011384635905,0.4862664321077112,0.2945740822115443,0.44229119847586035,0.3847871217643098,0.283363480637703,0.3574259670902763,0.750320931639908,0.31544170188555165,0.5178300557356695,1.0,0.4478096779216841,0.671204558680569,0.4018381136708519,0.3163823305941107,0.3413653695522567,0.3630911655842614,0.3085677486508405
rostralmiddlefrontal,0.34968470444110344,0.32868318577645483,0.8670038036915675,0.28801203748385534,0.318102923468095,0.7770483584960491,0.45781719852027786,0.6278096123585157,0.4140565770056708,0.7138570013163456,0.24337082636208418,0.4034336956963732,0.7038382582753804,0.2612735796510392,0.68565603515379,0.4422236768084357,0.48343807668822186,0.3428469543773907,0.865510864022614,0.8681103435739533,0.9298387659843236,0.2617478270759587,0.40891849518369516,0.35189900333305674,0.48932845039518963,0.35127708807801145,0.4478096779216841,1.0,0.8852493371459147,0.5059046414633509,0.490029959400622,0.46899440594256087,0.508093904054521,0.41091759337357403
superiorfrontal,0.3266932501215211,0.5810941104675433,0.8201341773684357,0.4057185238856458,0.43672857522801395,0.7320384633299313,0.4720315059060007,0.5724878930341236,0.36935849426746836,0.6731479713362819,0.4635110274833641,0.4851412816859144,0.5976725518828632,0.37233734073561586,0.616012655321012,0.39358201886240046,0.7235301494840279,0.4858663272938847,0.7610014829029299,0.7317766663567852,0.8021232824868314,0.3747362333102607,0.5222581982143706,0.618360665919842,0.5750459786884765,0.5225994619861523,0.671204558680569,0.8852493371459147,1.0,0.6015774644299601,0.46898487359639823,0.5501647200675427,0.4567022739476602,0.4309394852537277
superiorparietal,0.426472295076759,0.3908208344981639,0.5127024953157925,0.756931397081402,0.5478947987598229,0.310197944705722,0.6218920683990165,0.7633940523535138,0.4414198394082415,0.5835509630822964,0.6528511520177541,0.8378232865707341,0.3733625657041173,0.7169175926305534,0.28461011157566346,0.4893522706694065,0.6727647412591121,0.6891929317717421,0.3514825361819377,0.4201231159038732,0.39688187654740054,0.7234615087478288,0.8039221521412183,0.538964720687325,0.7834898853155827,0.8327710301756617,0.4018381136708519,0.5059046414633509,0.6015774644299601,1.0,0.5781487557744603,0.8026133307632286,0.38717711801594434,0.5615884149397938
superiortemporal,0.8371525321339041,0.23567003737929437,0.3748804900885533,0.2929478022064619,0.5139368668555889,0.43682551101309386,0.7797574155272867,0.7313608850531145,0.8408815377160295,0.7294731571777775,0.32306165039889373,0.4798143133525234,0.6097051690869334,0.2588617079471957,0.5675894118152712,0.8860774107598126,0.40573321540943474,0.48545694213813817,0.29967386156861975,0.5843575813281267,0.4277880812275215,0.2863725990783764,0.6028795529654519,0.3267936986530406,0.48976185445177095,0.3461641237605549,0.3163823305941107,0.490029959400622,0.46898487359639823,0.5781487557744603,1.0,0.6415095439990608,0.83349370450249,0.8549874013727558
supramarginal,0.48147286760986685,0.3173128855773579,0.5353937428827379,0.5149300462786927,0.4856725228433775,0.27698685504334003,0.6105156592706513,0.719094243539731,0.5074792963084354,0.5959352890480322,0.461551150756278,0.642465092176137,0.3707433445865029,0.4917284743782206,0.29388210361756356,0.5581884681883326,0.5545219689131161,0.5757577509194304,0.35757272693616243,0.40051044227135507,0.3871965370256301,0.5091122901272752,0.8878908513274854,0.3875702273826388,0.8821421334562467,0.5934816398141147,0.3413653695522567,0.46899440594256087,0.5501647200675427,0.8026133307632286,0.6415095439990608,1.0,0.43901813518482474,0.569957461899698
temporalpole,0.7197749965747098,0.23012561576169616,0.31504310808818803,0.13692026826624115,0.5226485967894086,0.6042243974937979,0.7854636468495064,0.590052207408496,0.8541988025026759,0.8228829220491338,0.24560723466086898,0.3385574517566151,0.7992844969053575,0.11553593751004865,0.7840182841040335,0.8493302099195826,0.31647438732317423,0.40226574053017755,0.28563303180814514,0.7367092131311956,0.48537098726126726,0.13484564285106393,0.4230248553747449,0.2865021213544893,0.3146410173889643,0.2025017084043043,0.3630911655842614,0.508093904054521,0.4567022739476602,0.38717711801594434,0.83349370450249,0.43901813518482474,1.0,0.6448889557509744
transversetemporal,0.6432964016691746,0.2545563576690466,0.32485725035110946,0.3195153875243228,0.4766744441198229,0.35469995032889623,0.6264371134118326,0.6085392640437337,0.6067900563008528,0.6076211407206215,0.33560021836855525,0.4485792159073558,0.49540142943370796,0.27963035879541615,0.45302958170391494,0.6418709186374144,0.40056926434833645,0.4590218252269384,0.251274144634451,0.46945366114672654,0.35077238525412546,0.3044725617827068,0.5857643233432482,0.33413241885647615,0.4714039165447028,0.3836938433971738,0.3085677486508405,0.41091759337357403,0.4309394852537277,0.5615884149397938,0.8549874013727558,0.569957461899698,0.6448889557509744,1.0
