area,bankssts,caudalanteriorcingulate,caudalmiddlefrontal,cuneus,entorhinal,frontalpole,fusiform,inferiorparietal,inferiortemporal,insula,isthmuscingulate,lateraloccipital,lateralorbitofrontal,lingual,medialorbitofrontal,middletemporal,paracentral,parahippocampal,parsopercularis,parsorbitalis,parstriangularis,pericalcarine,postcentral,posteriorcingulate,precentral,precuneus,rostralanteriorcingulate,rostralmiddlefrontal,superiorfrontal,superiorparietal,superiortemporal,supramarginal,temporalpole,transversetemporal
bankssts,1.0,0.08028530156106309,0.11727926355333086,0.07457452095713533,0.22139169658957306,0.11839127827267659,0.22488066791172084,0.38878510282382717,0.3400500488623847,0.2711391207904973,0.09553685649463643,0.3132048166694094,0.19710062674696865,0.15353966479596556,0.15345443146685708,0.49245960196886873,0.18951047805160579,0.18653145253360692,0.11015423235376179,0.17424195492214162,0.13422569867920317,0.039904094964957025,0.16203699946496447,0.09267505308785078,0.049884703075092914,0.10569735707768704,0.09964848679185698,0.10791184606585928,0.08159734156441921,0.2326641658312735,0.5838874486805424,0.2990865587755271,0.3348324128222183,0.5052128904640022
caudalanteriorcingulate,0.08028530156106309,1.0,0.631024582512498,0.1890626403329182,0.20478621497762517,0.3986555056002892,0.1344680341945432,0.2026772459832449,0.12021716617536704,0.3267606209195608,0.356063820106099,0.3966782979620848,0.34219783585828684,0.32309207260548384,0.37187260731666405,0.11054448722078876,0.6319885880021183,0.21511462617275226,0.37761399590502287,0.41389617138415224,0.3530747072147648,0.1966033393807222,0.19458081296201052,0.7311450717457512,0.21133850941119842,0.45858984197662456,0.5285945131567008,0.5007903137606624,0.7617736888821385,0.35629570851300263,0.11659870905099334,0.24114413180133826,0.3399323083841094,0.22228672365516686
caudalmiddlefrontal,0.11727926355333086,0.631024582512498,1.0,0.14237291322529355,0.1955242388067387,0.4681616146966862,0.17650528524647416,0.33754502692499727,0.16384523054900033,0.47758317683628493,0.13797928225968564,0.41249841269309967,0.47733942552927344,0.25402993149186853,0.4732370411244969,0.1576444552343162,0.7020195584643205,0.1972444389511542,0.6903824840452074,0.604001578951911,0.5908970308031267,0.12538078743625622,0.37896063267863617,0.4468327396549348,0.6095523739903314,0.30690613543714124,0.43511779038941395,0.7607847562231275,0.8300441877776374,0.43197039803401643,0.1792357438806467,0.35865845772972765,0.4420971319361898,0.3141058389804591
cuneus,0.07457452095713533,0.1890626403329182,0.14237291322529355,1.0,0.13042672862975468,0.08999679644691164,0.08660509057416418,0.12211184542168473,0.05226805469868479,0.08907830259907969,0.13009493088350457,0.4242350682611076,0.09926202743491169,0.4801708871986272,0.08182221170109985,0.061293346271555665,0.29010330348324553,0.1464803010264076,0.08613465680815167,0.0938885829196598,0.05898697973857589,0.735294618971713,0.14641749755337904,0.2078899332156456,0.07337544361044071,0.21696007917989069,0.09562161207488266,0.10038085220666618,0.15201800868747206,0.178706353292315,0.05947449508398588,0.1487730738235027,0.10506024740598582,0.11885529149879585
entorhinal,0.22139169658957306,0.20478621497762517,0.1955242388067387,0.13042672862975468,1.0,0.15964041362130005,0.6150530986475453,0.35886224419912627,0.32191069470457184,0.2662519919326593,0.26723094781068807,0.6374982980899118,0.22249389438807463,0.35948927289603744,0.1836255893758239,0.24895071695068066,0.24932145447915727,0.7888417736341105,0.1428676698029179,0.20598878265024553,0.14460301718679802,0.12002402894369386,0.1573438453972465,0.2298526280699442,0.10613784851471425,0.19488070906408722,0.11909227446012793,0.16665271483544866,0.16355238802756053,0.2618672483074972,0.23172323787502544,0.21320162745223492,0.41821830382745956,0.3003194744610029
frontalpole,0.11839127827267659,0.3986555056002892,0.4681616146966862,0.08999679644691164,0.15964041362130005,1.0,0.09073828111530645,0.2682815542202948,0.13168019481036167,0.5910653053655286,0.10553942677585584,0.28968622011110834,0.7424709568030905,0.1914002278007357,0.8748344058349096,0.17185728655803525,0.4612512537734157,0.11698272372045987,0.41227131318427956,0.6637494488000097,0.47144439763173396,0.06938749298534205,0.20992424749485242,0.2670005975539694,0.14222446845557768,0.1878372599007228,0.6838939803977008,0.5956657649776887,0.4873061147483297,0.316846356600893,0.21371995526824666,0.24398583995731588,0.5290751569431669,0.28038557635974093
fusiform,0.22488066791172084,0.1344680341945432,0.17650528524647416,0.08660509057416418,0.6150530986475453,0.09073828111530645,1.0,0.3074571865614933,0.5477363203246641,0.18955213148345207,0.14556432527786928,0.5946582277675952,0.14016673428730134,0.2799416030187081,0.10254464461086203,0.3121103958172103,0.2098151865133953,0.7145363160634524,0.1355283578999327,0.1388352756626518,0.12590468769804247,0.06524024774902082,0.11832782486656461,0.17625511429023014,0.10397999092662863,0.1372423634568997,0.06188809214318102,0.13486402166774902,0.1222135811831398,0.22285616495699684,0.21920864526155417,0.18422178305867284,0.3003205434446373,0.2561104875998396
inferiorparietal,0.38878510282382717,0.2026772459832449,0.33754502692499727,0.12211184542168473,0.35886224419912627,0.2682815542202948,0.3074571865614933,1.0,0.35677008349018263,0.3882871433508597,0.17019523647952448,0.5594337145779789,0.32476428077591096,0.21912872564123198,0.3201340343475709,0.4092165042469553,0.39807192531726787,0.3263281268126156,0.25685194082708823,0.32317696623322095,0.24531487986567915,0.08153944039966586,0.2848220492151326,0.2089698919616027,0.19206855022894462,0.2122315965300099,0.2482577629852744,0.24790584169658564,0.21086198167571893,0.4711800264602864,0.35833549373179574,0.38241660410321154,0.4758788385190032,0.41203185119753993
inferiortemporal,0.3400500488623847,0.12021716617536704,0.16384523054900033,0.05226805469868479,0.32191069470457184,0.13168019481036167,0.5477363203246641,0.35677008349018263,1.0,0.21815864082871267,0.13447092942579675,0.45158291798798217,0.16919866484343055,0.16574638288594915,0.15709172457543125,0.5889779591854511,0.20713513215305135,0.33180135761079943,0.15458989065748413,0.1718871792159992,0.15044711780708744,0.00692126046707073,0.10421172580374996,0.1353331308637305,0.0599159223497796,0.11433876837864544,0.12452745465174657,0.14610694533570848,0.12293033669581588,0.19788025047888141,0.3373605268396769,0.2200613526295951,0.33455376647179536,0.3095245437691705
insula,0.2711391207904973,0.3267606209195608,0.47758317683628493,0.08907830259907969,0.2662519919326593,0.5910653053655286,0.18955213148345207,0.3882871433508597,0.21815864082871267,1.0,0.1182134529602245,0.3652070039250919,0.694760733662785,0.2092759396979327,0.6378589263213591,0.25890429227126643,0.49445609387467154,0.20095415874187791,0.49805307365537005,0.7457668663076833,0.6390012352884652,0.06600231620501522,0.2797358836784502,0.2835148264009581,0.18530613639209986,0.19522373277455754,0.44964885829488926,0.5676037954108022,0.44125471473733413,0.3922138570067239,0.41478023934019664,0.3345210850775656,0.6449151278228497,0.4880750169932505
isthmuscingulate,0.09553685649463643,0.356063820106099,0.13797928225968564,0.13009493088350457,0.26723094781068807,0.10553942677585584,0.14556432527786928,0.17019523647952448,0.13447092942579675,0.1182134529602245,1.0,0.2833619189976249,0.09916721046574825,0.25666927443758775,0.09709062789128893,0.0911105436459787,0.2685972192037757,0.27005025101110086,0.0946839858760372,0.14370436889429883,0.10367095686623927,0.0942896474700341,0.08922673452467388,0.5560971004441558,0.07608356996818694,0.3866447175885402,0.07836000962983743,0.10907476474647045,0.13574430946037522,0.1815612499155873,0.09612593242712911,0.12413331393872643,0.1748267123515317,0.13868089002317124
lateraloccipital,0.3132048166694094,0.3966782979620848,0.41249841269309967,0.4242350682611076,0.6374982980899118,0.28968622011110834,0.5946582277675952,0.5594337145779789,0.45158291798798217,0.3652070039250919,0.2833619189976249,1.0,0.3451218232795427,0.6144480275866149,0.30692323633248775,0.38582449764030746,0.5336358812830602,0.6085519832248198,0.2966766311005907,0.3531619555840298,0.2744700797917623,0.4101493954412999,0.30376365500243063,0.38899851236492505,0.21386933495039492,0.360882461725474,0.2666477534995206,0.3363644006976422,0.3521607125356027,0.4763204537186229,0.3013854077850445,0.3549902075668067,0.48535714516304485,0.39100401242110366
lateralorbitofrontal,0.19710062674696865,0.34219783585828684,0.47733942552927344,0.09926202743491169,0.22249389438807463,0.7424709568030905,0.14016673428730134,0.32476428077591096,0.16919866484343055,0.694760733662785,0.09916721046574825,0.3451218232795427,1.0,0.21978115390767422,0.8357825772385605,0.23105374776345708,0.4560979487212597,0.15600671088159793,0.4971803660651738,0.8565409895855558,0.5866722378930341,0.08389569413745183,0.22827951866753893,0.24880068098370817,0.1387397115035873,0.186024838575665,0.5563545358936008,0.6162791211854367,0.47725668606450317,0.3417182469583503,0.3148243265596369,0.276894744822709,0.6580987194833211,0.39210946982382
lingual,0.15353966479596556,0.32309207260548384,0.25402993149186853,0.4801708871986272,0.35948927289603744,0.1914002278007357,0.2799416030187081,0.21912872564123198,0.16574638288594915,0.2092759396979327,0.25666927443758775,0.6144480275866149,0.21978115390767422,1.0,0.20073186956891406,0.17355235365142424,0.37252779218169935,0.36516505813333056,0.19469224537335797,0.23134380498945506,0.18354858834584706,0.5651205901248574,0.20785241344739538,0.33988408709609763,0.13931167508983958,0.2795559259523249,0.19708242840749252,0.23212595407710904,0.2405889913889782,0.26518868091694553,0.1516703413775839,0.20760155542478112,0.2613483820555415,0.22192898884342332
medialorbitofrontal,0.15345443146685708,0.37187260731666405,0.4732370411244969,0.08182221170109985,0.1836255893758239,0.8748344058349096,0.10254464461086203,0.3201340343475709,0.15709172457543125,0.6378589263213591,0.09709062789128893,0.30692323633248775,0.8357825772385605,0.20073186956891406,1.0,0.21171866972450504,0.4583701861488874,0.12366372889398042,0.45106041239645417,0.7590779428986045,0.5308239283818509,0.0638858046704751,0.21294017553953334,0.24157224056115895,0.14756443560185975,0.18208560045782982,0.7198734996022745,0.6179363902331502,0.47935117987562625,0.3393366585153087,0.25036638763543007,0.26302507314686757,0.6287343951316255,0.3251555900183635
middletemporal,0.49245960196886873,0.11054448722078876,0.1576444552343162,0.061293346271555665,0.24895071695068066,0.17185728655803525,0.3121103958172103,0.4092165042469553,0.5889779591854511,0.25890429227126643,0.0911105436459787,0.38582449764030746,0.23105374776345708,0.17355235365142424,0.21171866972450504,1.0,0.23582116457663177,0.23327615214859282,0.14763541175699618,0.22397733571441855,0.16730775256403668,0.024891327980175525,0.16067160270041117,0.11597253322828635,0.07449970636881656,0.11214182966504253,0.14470124813384774,0.1401404098490329,0.10868638280104712,0.24472484905758038,0.4844068814337347,0.28376740862820543,0.34912868415381354,0.3942447879686912
paracentral,0.18951047805160579,0.6319885880021183,0.7020195584643205,0.29010330348324553,0.24932145447915727,0.4612512537734157,0.2098151865133953,0.39807192531726787,0.20713513215305135,0.49445609387467154,0.2685972192037757,0.5336358812830602,0.4560979487212597,0.37252779218169935,0.4583701861488874,0.23582116457663177,1.0,0.2728833138120962,0.474080607604457,0.5300607737207531,0.4682956953613751,0.22566531411045732,0.5370945047646432,0.6535947518508739,0.4383668429509233,0.4773333280690394,0.4419354669072993,0.5545464319735832,0.6277903510920545,0.5816364825301721,0.217151616888114,0.4838472964256414,0.4229912582304774,0.37373401045341414
parahippocampal,0.18653145253360692,0.21511462617275226,0.1972444389511542,0.1464803010264076,0.7888417736341105,0.11698272372045987,0.7145363160634524,0.3263281268126156,0.33180135761079943,0.20095415874187791,0.27005025101110086,0.6085519832248198,0.15600671088159793,0.36516505813333056,0.12366372889398042,0.23327615214859282,0.2728833138120962,1.0,0.13883201917467416,0.15804931291462823,0.13379356209082813,0.13172028827770563,0.17602452137346525,0.2661236547031526,0.13297588987013034,0.21478023230059384,0.08547167833883489,0.15382773094746283,0.14352376575029985,0.27329337593665315,0.17578148654733294,0.20472473146929793,0.3033201472713878,0.24365051758383127
parsopercularis,0.11015423235376179,0.37761399590502287,0.6903824840452074,0.08613465680815167,0.1428676698029179,0.41227131318427956,0.1355283578999327,0.25685194082708823,0.15458989065748413,0.49805307365537005,0.0946839858760372,0.2966766311005907,0.4971803660651738,0.19469224537335797,0.45106041239645417,0.14763541175699618,0.474080607604457,0.13883201917467416,1.0,0.6785037503153168,0.7618171562945781,0.10544228779536667,0.22971498438469679,0.2825005510242242,0.24665234920480464,0.20241097429516056,0.33142296658707393,0.7060170977759521,0.5933259321474916,0.30922736892998287,0.174383321158125,0.2869020754187068,0.4524712834253586,0.2963011557863596
parsorbitalis,0.17424195492214162,0.41389617138415224,0.604001578951911,0.0938885829196598,0.20598878265024553,0.6637494488000097,0.1388352756626518,0.32317696623322095,0.1718871792159992,0.7457668663076833,0.14370436889429883,0.3531619555840298,0.8565409895855558,0.23134380498945506,0.7590779428986045,0.22397733571441855,0.5300607737207531,0.15804931291462823,0.6785037503153168,1.0,0.7956119269270497,0.0957839769471758,0.255955623641201,0.325463102112159,0.1900101159290983,0.21982786942068908,0.4957567996585278,0.7438263078488189,0.5751918848822565,0.36555579236709734,0.28013786544691305,0.3011480583374357,0.6360369663455867,0.3905245430545975
parstriangularis,0.13422569867920317,0.3530747072147648,0.5908970308031267,0.05898697973857589,0.14460301718679802,0.47144439763173396,0.12590468769804247,0.24531487986567915,0.15044711780708744,0.6390012352884652,0.10367095686623927,0.2744700797917623,0.5866722378930341,0.18354858834584706,0.5308239283818509,0.16730775256403668,0.4682956953613751,0.13379356209082813,0.7618171562945781,0.7956119269270497,1.0,0.08650789202606436,0.21365653921454378,0.2775932130725019,0.18516756219308006,0.18424590715658157,0.38212926133218256,0.7166803996494541,0.5529705116171358,0.3012485307674549,0.1962346244954344,0.266848963874109,0.4947191019724733,0.3122810119839356
pericalcarine,0.039904094964957025,0.1966033393807222,0.12538078743625622,0.735294618971713,0.12002402894369386,0.06938749298534205,0.06524024774902082,0.08153944039966586,0.00692126046707073,0.06600231620501522,0.0942896474700341,0.4101493954412999,0.08389569413745183,0.5651205901248574,0.0638858046704751,0.024891327980175525,0.22566531411045732,0.13172028827770563,0.10544228779536667,0.0957839769471758,0.08650789202606436,1.0,0.08779414307524057,0.2010844648791201,0.026586524624019104,0.14678325175734033,0.09966516184557217,0.11861798825046412,0.15561555608685637,0.10678411664471385,0.029793769896701867,0.10948781104853171,0.08372864952461564,0.06332934642771151
postcentral,0.16203699946496447,0.19458081296201052,0.37896063267863617,0.14641749755337904,0.1573438453972465,0.20992424749485242,0.11832782486656461,0.2848220492151326,0.10421172580374996,0.2797358836784502,0.08922673452467388,0.30376365500243063,0.22827951866753893,0.20785241344739538,0.21294017553953334,0.16067160270041117,0.5370945047646432,0.17602452137346525,0.22971498438469679,0.255955623641201,0.21365653921454378,0.08779414307524057,1.0,0.22771490014408996,0.5556422875724274,0.18819686675880481,0.12830430403040569,0.22924852426803488,0.22500113210612374,0.3264806930683612,0.17678070278504832,0.549491063538396,0.21672116563103347,0.2874210790439096
posteriorcingulate,0.09267505308785078,0.7311450717457512,0.4468327396549348,0.2078899332156456,0.2298526280699442,0.2670005975539694,0.17625511429023014,0.2089698919616027,0.1353331308637305,0.2835148264009581,0.5560971004441558,0.38899851236492505,0.24880068098370817,0.33988408709609763,0.24157224056115895,0.11597253322828635,0.6535947518508739,0.2661236547031526,0.2825005510242242,0.325463102112159,0.2775932130725019,0.2010844648791201,0.22771490014408996,1.0,0.2094491325421988,0.48260923040072523,0.313473454305743,0.3487742419176601,0.46298930103068014,0.3492884698983723,0.100612250571808,0.251057287407888,0.24142966431803412,0.1977980131871392
precentral,0.049884703075092914,0.21133850941119842,0.6095523739903314,0.07337544361044071,0.10613784851471425,0.14222446845557768,0.10397999092662863,0.19206855022894462,0.0599159223497796,0.18530613639209986,0.07608356996818694,0.21386933495039492,0.1387397115035873,0.13931167508983958,0.14756443560185975,0.07449970636881656,0.4383668429509233,0.13297588987013034,0.24665234920480464,0.1900101159290983,0.18516756219308006,0.026586524624019104,0.5556422875724274,0.2094491325421988,1.0,0.17509947906318382,0.11092643175599888,0.23250125353610537,0.2726653370220809,0.24752442991755147,0.08099826145728795,0.36442692839846036,0.13160041542449188,0.17811376162401946
precuneus,0.10569735707768704,0.45858984197662456,0.30690613543714124,0.21696007917989069,0.19488070906408722,0.1878372599007228,0.1372423634568997,0.2122315965300099,0.11433876837864544,0.19522373277455754,0.3866447175885402,0.360882461725474,0.186024838575665,0.2795559259523249,0.18208560045782982,0.11214182966504253,0.4773333280690394,0.21478023230059384,0.20241097429516056,0.21982786942068908,0.18424590715658157,0.14678325175734033,0.18819686675880481,0.48260923040072523,0.17509947906318382,1.0,0.1785482270039387,0.22386909219446488,0.30146763707800184,0.5165321628511486,0.10230811865455736,0.19343587020601558,0.20384766520153175,0.17873576416051348
rostralanteriorcingulate,0.09964848679185698,0.5285945131567008,0.43511779038941395,0.09562161207488266,0.11909227446012793,0.6838939803977008,0.06188809214318102,0.2482577629852744,0.12452745465174657,0.44964885829488926,0.07836000962983743,0.2666477534995206,0.5563545358936008,0.19708242840749252,0.7198734996022745,0.14470124813384774,0.4419354669072993,0.08547167833883489,0.33142296658707393,0.4957567996585278,0.38212926133218256,0.09966516184557217,0.12830430403040569,0.313473454305743,0.11092643175599888,0.1785482270039387,1.0,0.4881588928744389,0.479765455785002,0.28754251957775895,0.15461930937587537,0.1951435687125982,0.46524185585635836,0.2129899958763143
rostralmiddlefrontal,0.10791184606585928,0.5007903137606624,0.7607847562231275,0.10038085220666618,0.16665271483544866,0.5956657649776887,0.13486402166774902,0.24790584169658564,0.14610694533570848,0.5676037954108022,0.10907476474647045,0.3363644006976422,0.6162791211854367,0.23212595407710904,0.6179363902331502,0.1401404098490329,0.5545464319735832,0.15382773094746283,0.7060170977759521,0.7438263078488189,0.7166803996494541,0.11861798825046412,0.22924852426803488,0.3487742419176601,0.23250125353610537,0.22386909219446488,0.4881588928744389,1.0,0.7358818485192841,0.3367921957973135,0.17808808296718132,0.2715336636691718,0.5193882702837155,0.29049058172940556
superiorfrontal,0.08159734156441921,0.7617736888821385,0.8300441877776374,0.15201800868747206,0.16355238802756053,0.4873061147483297,0.1222135811831398,0.21086198167571893,0.12293033669581588,0.44125471473733413,0.13574430946037522,0.3521607125356027,0.47725668606450317,0.2405889913889782,0.47935117987562625,0.10868638280104712,0.6277903510920545,0.14352376575029985,0.5933259321474916,0.5751918848822565,0.5529705116171358,0.15561555608685637,0.22500113210612374,0.46298930103068014,0.2726653370220809,0.30146763707800184,0.479765455785002,0.7358818485192841,1.0,0.34348813356162605,0.13532795630294506,0.25486176984591846,0.43283831031327097,0.2506407752309402
superiorparietal,0.2326641658312735,0.35629570851300263,0.43197039803401643,0.178706353292315,0.2618672483074972,0.316846356600893,0.22285616495699684,0.4711800264602864,0.19788025047888141,0.3922138570067239,0.1815612499155873,0.4763204537186229,0.3417182469583503,0.26518868091694553,0.3393366585153087,0.24472484905758038,0.5816364825301721,0.27329337593665315,0.30922736892998287,0.36555579236709734,0.3012485307674549,0.10678411664471385,0.3264806930683612,0.3492884698983723,0.24752442991755147,0.5165321628511486,0.28754251957775895,0.3367921957973135,0.34348813356162605,1.0,0.2490330299803788,0.3394795252262817,0.3600955534669839,0.33531742925693697
superiortemporal,0.5838874486805424,0.11659870905099334,0.1792357438806467,0.05947449508398588,0.23172323787502544,0.21371995526824666,0.21920864526155417,0.35833549373179574,0.3373605268396769,0.41478023934019664,0.09612593242712911,0.3013854077850445,0.3148243265596369,0.1516703413775839,0.25036638763543007,0.4844068814337347,0.217151616888114,0.17578148654733294,0.174383321158125,0.28013786544691305,0.1962346244954344,0.029793769896701867,0.17678070278504832,0.100612250571808,0.08099826145728795,0.10230811865455736,0.15461930937587537,0.17808808296718132,0.13532795630294506,0.2490330299803788,1.0,0.30987760072823,0.39720962701374685,0.7231047895958309
supramarginal,0.2990865587755271,0.24114413180133826,0.35865845772972765,0.1487730738235027,0.21320162745223492,0.24398583995731588,0.18422178305867284,0.38241660410321154,0.2200613526295951,0.3345210850775656,0.12413331393872643,0.3549902075668067,0.276894744822709,0.20760155542478112,0.26302507314686757,0.28376740862820543,0.4838472964256414,0.20472473146929793,0.2869020754187068,0.3011480583374357,0.266848963874109,0.10948781104853171,0.549491063538396,0.251057287407888,0.36442692839846036,0.19343587020601558,0.1951435687125982,0.2715336636691718,0.25486176984591846,0.3394795252262817,0.30987760072823,1.0,0.3207489678915231,0.40593360384233435
temporalpole,0.3348324128222183,0.3399323083841094,0.4420971319361898,0.10506024740598582,0.41821830382745956,0.5290751569431669,0.3003205434446373,0.4758788385190032,0.33455376647179536,0.6449151278228497,0.1748267123515317,0.48535714516304485,0.6580987194833211,0.2613483820555415,0.6287343951316255,0.34912868415381354,0.4229912582304774,0.3033201472713878,0.4524712834253586,0.6360369663455867,0.4947191019724733,0.08372864952461564,0.21672116563103347,0.24142966431803412,0.13160041542449188,0.20384766520153175,0.46524185585635836,0.5193882702837155,0.43283831031327097,0.3600955534669839,0.39720962701374685,0.3207489678915231,1.0,0.45019504263241644
transversetemporal,0.5052128904640022,0.22228672365516686,0.3141058389804591,0.11885529149879585,0.3003194744610029,0.28038557635974093,0.2561104875998396,0.41203185119753993,0.3095245437691705,0.4880750169932505,0.13868089002317124,0.39100401242110366,0.39210946982382,0.22192898884342332,0.3251555900183635,0.3942447879686912,0.37373401045341414,0.24365051758383127,0.2963011557863596,0.3905245430545975,0.3122810119839356,0.06332934642771151,0.2874210790439096,0.1977980131871392,0.17811376162401946,0.17873576416051348,0.2129899958763143,0.29049058172940556,0.2506407752309402,0.33531742925693697,0.7231047895958309,0.40593360384233435,0.45019504263241644,1.0
