area,bankssts,caudalanteriorcingulate,caudalmiddlefrontal,cuneus,entorhinal,frontalpole,fusiform,inferiorparietal,inferiortemporal,insula,isthmuscingulate,lateraloccipital,lateralorbitofrontal,lingual,medialorbitofrontal,middletemporal,paracentral,parahippocampal,parsopercularis,parsorbitalis,parstriangularis,pericalcarine,postcentral,posteriorcingulate,precentral,precuneus,rostralanteriorcingulate,rostralmiddlefrontal,superiorfrontal,superiorparietal,superiortemporal,supramarginal,temporalpole,transversetemporal
bankssts,1.0,0.02215839029073068,0.0012980535615463586,-0.000898700648350388,-0.014118323187816514,-0.009658437248322695,0.004281384325993084,0.0036812763606134924,0.0184984653189181,-0.016486481913537708,-0.006910207927415766,0.017951009902651933,0.04807400364991814,-0.019063187487746585,0.004429603110997372,0.10354205896191909,-0.0011634817345610668,-0.024646680203306785,0.010263743294388145,-0.023313871966264835,0.0038435902212676175,0.0095225426161005,0.01937191771382413,0.03904848928029523,0.004179173539599573,0.0013391298892848529,0.006910076727074197,-0.002090857720626041,0.023031517840093343,-0.02410379736790352,0.055688216341661004,0.06459878489008203,0.007483276605966389,0.0208710253975669
caudalanteriorcingulate,0.02215839029073068,1.0,0.0008170123312875783,0.01541283808879687,-0.008565152125383585,0.02412905422417383,0.0074835641142171954,0.007840544424992955,-0.00120283601848504,0.015706123633405743,0.010958850586068878,-0.0003101180281425635,-0.005830046609621776,-0.0032154819104735118,0.009188976551471011,0.023547564974614802,-0.0004859472353642656,0.003217572268585739,-0.017723251382150848,-0.004861328512819869,0.0018186418236352713,0.009469725351087062,0.005159926174536164,0.03620353184108439,0.0063339138805745465,0.020159949070181774,0.07027458294446944,0.008906904479358175,0.032763203239327895,-0.003916173056868224,-0.001692684741497294,-0.003191903825464333,-0.0015947533828959126,-0.027882762962338492
caudalmiddlefrontal,0.0012980535615463586,0.0008170123312875783,1.0,-0.007294938447472571,-0.009151153114129515,0.009237068592299542,0.01369841569114022,-0.006465705305085271,0.012153164585817212,-0.0066649801137129575,0.007892663516017431,0.005153882559758675,0.00983445178428226,-0.01272528610037485,0.008714426167437991,0.011666501096770558,-0.01010504138315175,-0.012171559955537705,0.0021698762374968666,0.01988727592738692,-0.011503557269773215,-0.0032747115079457575,0.018169467753616643,-0.0004729410683902893,0.06369160630849037,-0.007153129858097776,0.00709083016463643,0.041109571430571805,0.0349596386250519,-0.0013937262291759218,0.010646805313849008,0.0005597451384126231,-0.02148680739950414,-0.0037163256538433444
cuneus,-0.000898700648350388,0.01541283808879687,-0.007294938447472571,1.0,0.006429294642930342,-0.0020191442225457076,-0.0040916342006103975,-0.006006556499384091,-0.036661971477105634,0.004636884140733665,-0.01044393518044294,0.0031424236274050243,-0.010270102291691001,0.09008524607797966,0.005365945037687659,-0.027083530362011752,0.03303495521456587,0.014730034152589952,0.016330369056167603,-0.0012514119652883265,0.02590305336623322,0.23974269049013874,7.787274335232535e-05,0.014714881578212245,0.002526294933325714,0.04245035460382522,-0.04142551384506006,0.004533560417753169,0.009618119490045474,0.0394422770840401,-0.00930439992003851,0.018399890678596636,0.008833723304802117,-0.013840087909814839
entorhinal,-0.014118323187816514,-0.008565152125383585,-0.009151153114129515,0.006429294642930342,1.0,-0.0015247153283913766,-0.0004913577950126286,0.01858830167388256,-0.012058560317042418,0.007987303985778122,0.031375541129418275,-0.012735553708799523,-0.004264789918529623,0.01190935268689724,0.0024284401908027417,-0.006303534712896583,0.02315825286399628,0.0685009228361929,0.016818894224957602,-0.002532815404087869,0.004971483573658992,-0.014394798989754563,-0.01310708820193897,-0.01165345902612658,-0.0019785873891599065,0.006164632548315391,0.0013479164018283093,-0.020764999026902767,-0.0036659253287498065,-0.0037687669141617795,0.017700330069687884,-0.025618878450421323,0.04102175156827791,-0.0009639449378691777
frontalpole,-0.009658437248322695,0.02412905422417383,0.009237068592299542,-0.0020191442225457076,-0.0015247153283913766,1.0,-0.0030424451800456576,-0.03442177207477379,0.016505228189937472,0.018974012606764484,0.001138378518325375,-0.011867045976817422,0.021707456380204618,-0.008311143004678454,0.059292704407303,0.010211602271039628,0.006770324091348003,0.009049007356372542,-0.017812290572403713,0.0003975530778044682,0.028241312695629118,-0.0077720565489353185,0.021936580533344737,-0.015095036953763718,0.012879647917195845,0.022392287420367068,-0.001887560301930434,0.018327539312969002,0.015238159610805393,0.004071613134834611,-0.02148408346148552,0.053728738103693004,0.01661532340858371,0.010613456848806926
fusiform,0.004281384325993084,0.0074835641142171954,0.01369841569114022,-0.0040916342006103975,-0.0004913577950126286,-0.0030424451800456576,1.0,0.0068013717250389035,0.07529471470920693,-0.015756728254735668,-0.009756479474759569,0.04605199133190336,0.01932855194121238,0.026842293447702236,-0.0032502888235543584,0.01348747338434542,-0.031007899457305903,0.038214200017452266,-0.001296909383700083,-0.01888853765657999,-0.03218419651737388,0.007240461149803105,-0.022899827818684014,-0.03674761622409748,0.007466132834154127,0.003101637377083537,0.008209968183299747,-0.002391086249155322,0.017316503028598683,-0.026109064869173717,-0.03283268958340776,-0.004318223169792028,-0.009549706000743367,-0.01799465100604872
inferiorparietal,0.0036812763606134924,0.007840544424992955,-0.006465705305085271,-0.006006556499384091,0.01858830167388256,-0.03442177207477379,0.0068013717250389035,1.0,-0.0037611209667429784,0.019318842774025707,-0.02498292070562556,0.03553527235506887,-0.002091105212278616,0.034943460682729875,0.003726310865434258,0.01057197358921587,-0.012552481497483932,0.014761817700307097,0.0353538986333278,-0.006370419406994802,-0.0005394765394152022,-0.021984224516703836,0.038866009005343004,0.0014125329569034913,0.002100117733117798,-0.0024946706314699267,0.0034477982477258205,-0.01369502378525881,-0.006307158766831346,0.05237397392839192,0.004330092363865421,0.05139739353737559,0.02498577712687216,-0.012222356326995061
inferiortemporal,0.0184984653189181,-0.00120283601848504,0.012153164585817212,-0.036661971477105634,-0.012058560317042418,0.016505228189937472,0.07529471470920693,-0.0037611209667429784,1.0,-0.01356969605743687,-0.011182353048190348,0.004832939718811472,0.033594978798941015,-0.01371226897066994,-0.005090747495270533,0.10625285699667285,0.014254468175194721,0.01320062933497484,-0.03606522231911379,-0.005010288558014482,-0.013844309054908068,-0.03812875478860635,0.011295002591707431,-0.0322922966032848,-0.015557984176678901,-0.011333450892584106,0.00723622144561778,0.02181276197542512,-0.012217982624957487,0.024309369784977088,0.026936460047222718,-0.012754974631495285,-0.012729609248534444,0.01198059607539723
insula,-0.016486481913537708,0.015706123633405743,-0.0066649801137129575,0.004636884140733665,0.007987303985778122,0.018974012606764484,-0.015756728254735668,0.019318842774025707,-0.01356969605743687,1.0,-0.006218769089543929,0.006695131786766611,0.04307299133463215,-0.0026853903606116744,0.04721030690404675,-0.029266805150745014,0.015142764290836315,-0.01430625877749005,-0.0009569775553214952,-0.0039049665218910683,0.020768848856171526,-0.004505788635438239,0.0113750964679043,0.028254738558847584,-0.005084260562846411,-0.002603972973155581,-0.006278154728361494,0.0034063501762435157,0.007141065808235994,0.001616295501995512,0.035052095876309246,-0.012620820734724035,0.04464477241166651,-0.005709571103875547
isthmuscingulate,-0.006910207927415766,0.010958850586068878,0.007892663516017431,-0.01044393518044294,0.031375541129418275,0.001138378518325375,-0.009756479474759569,-0.02498292070562556,-0.011182353048190348,-0.006218769089543929,1.0,-0.001246808320977936,0.011539823010226265,0.01347349377865473,0.02171377606762533,0.002065220922454386,-0.003744356879421944,0.03553919274383366,-0.007939948061717833,0.014163323511168906,-0.022571562345162017,-0.022027730931921563,0.002032729456376056,0.03192031726741575,-0.008805281540323865,0.05962816982572088,0.0016026797511645363,0.008048846517441218,0.0069380169922397435,0.017928702148511583,-0.00010767348682392351,0.013039545827632748,0.0025890392838111217,-0.01143699467222418
lateraloccipital,0.017951009902651933,-0.0003101180281425635,0.005153882559758675,0.0031424236274050243,-0.012735553708799523,-0.011867045976817422,0.04605199133190336,0.03553527235506887,0.004832939718811472,0.006695131786766611,-0.001246808320977936,1.0,0.021323431941611216,0.05828139008858,-0.007158306669600971,0.011973114419051906,0.008321834576172193,0.008468624125913642,-0.005004822837743232,-0.006911193860808562,0.000986954138679593,0.044581003140041625,0.01249403736288669,-0.01717265866119144,0.006462374717191427,0.021389330689610977,0.0055697845746435345,0.003111652525354964,-0.013650231101504118,0.03506790456015024,0.04084632077709716,0.007775281296883794,0.008582919702386867,0.02456647537486013
lateralorbitofrontal,0.04807400364991814,-0.005830046609621776,0.00983445178428226,-0.010270102291691001,-0.004264789918529623,0.021707456380204618,0.01932855194121238,-0.002091105212278616,0.033594978798941015,0.04307299133463215,0.011539823010226265,0.021323431941611216,1.0,0.031552257739501814,0.0552075935528043,0.030876403623470588,-0.038892541008211566,-0.009636582338712892,0.01993842256748813,0.06091601863476265,0.0004155587071504114,-0.01035015203941589,0.0066375325888319734,-0.014336402934974133,0.0018656906296962018,-0.00039959932147985884,0.006491068939309086,0.027604096673078896,0.021930142116719793,-0.005654394358498396,0.03722833007510063,0.006047925620090578,0.012559686927316484,0.010158531211374352
lingual,-0.019063187487746585,-0.0032154819104735118,-0.01272528610037485,0.09008524607797966,0.01190935268689724,-0.008311143004678454,0.026842293447702236,0.034943460682729875,-0.01371226897066994,-0.0026853903606116744,0.01347349377865473,0.05828139008858,0.031552257739501814,1.0,0.010423740692180862,-0.002341084155651777,0.04381238898572168,0.022047850122309986,0.008316979753198821,0.017659654393234386,0.002749630181701316,0.12019709972506011,0.006277151985440611,0.00866847439625909,0.0018719340203039079,0.023913233779901,-0.002919543727146182,0.009861364738283291,-0.022936071819606055,0.020274325390674162,-0.014560937077197252,-0.02202820872660438,-0.00443279058539907,-0.020665294084469904
medialorbitofrontal,0.004429603110997372,0.009188976551471011,0.008714426167437991,0.005365945037687659,0.0024284401908027417,0.059292704407303,-0.0032502888235543584,0.003726310865434258,-0.005090747495270533,0.04721030690404675,0.02171377606762533,-0.007158306669600971,0.0552075935528043,0.010423740692180862,1.0,0.013752376038437842,0.021138229928916237,-0.01280771048090695,-0.01894278719857269,0.02218554803044017,0.00012112120534049135,0.006708930811224648,-0.008629049837813048,0.011493827552921337,-0.036329940684927585,-0.010548581471569863,0.015634389783862522,-0.0018818554106779682,-0.022383471415866826,-0.007854924366979333,0.0008356700085408259,0.014879327684174994,0.04399702681114514,0.0028235262090408365
middletemporal,0.10354205896191909,0.023547564974614802,0.011666501096770558,-0.027083530362011752,-0.006303534712896583,0.010211602271039628,0.01348747338434542,0.01057197358921587,0.10625285699667285,-0.029266805150745014,0.002065220922454386,0.011973114419051906,0.030876403623470588,-0.002341084155651777,0.013752376038437842,1.0,-0.0019990235586188013,-0.010809743304623117,0.019265657511312442,-0.022775644194455283,-0.013191575969696796,-0.010130242106677031,0.050141561091355376,0.021477145078538762,0.014485193361435895,-0.00808905622086569,-0.003237981974623389,0.002080135245694243,-0.01819865169489368,-0.009976521301030916,0.0550140393007583,0.05416322785381633,-0.007114090722827693,0.024855178086825146
paracentral,-0.0011634817345610668,-0.0004859472353642656,-0.01010504138315175,0.03303495521456587,0.02315825286399628,0.006770324091348003,-0.031007899457305903,-0.012552481497483932,0.014254468175194721,0.015142764290836315,-0.003744356879421944,0.008321834576172193,-0.038892541008211566,0.04381238898572168,0.021138229928916237,-0.0019990235586188013,1.0,-0.006802293201779031,-0.017871438027743648,-0.005268943411149722,-0.0045740885603608875,0.0309753467230437,0.01949514244377556,-0.00010589283955068301,0.035104338749207785,-0.013263267875465317,0.018096290415552305,-0.01423800793177822,0.027675338876214057,0.02846132269054874,0.048864838626394444,-0.011134861504897035,0.0033791091428183495,0.006405391129967319
parahippocampal,-0.024646680203306785,0.003217572268585739,-0.012171559955537705,0.014730034152589952,0.0685009228361929,0.009049007356372542,0.038214200017452266,0.014761817700307097,0.01320062933497484,-0.01430625877749005,0.03553919274383366,0.008468624125913642,-0.009636582338712892,0.022047850122309986,-0.01280771048090695,-0.010809743304623117,-0.006802293201779031,1.0,-0.010711633539515283,-0.014132597213434902,0.015139134738574225,-0.009953271178521255,-0.010527790859172216,0.000774954809556764,0.005278252979300048,0.019849147801201842,0.010082704791299047,-0.01804145568663144,-0.009029925786649254,0.02183838025063078,0.0211207621567619,0.012986519708956585,0.03136037223296925,0.0004630786842774058
parsopercularis,0.010263743294388145,-0.017723251382150848,0.0021698762374968666,0.016330369056167603,0.016818894224957602,-0.017812290572403713,-0.001296909383700083,0.0353538986333278,-0.03606522231911379,-0.0009569775553214952,-0.007939948061717833,-0.005004822837743232,0.01993842256748813,0.008316979753198821,-0.01894278719857269,0.019265657511312442,-0.017871438027743648,-0.010711633539515283,1.0,0.0032441938869835103,0.04529153950829484,-0.016740240794073987,-0.029094351335101763,0.0036784851337844007,0.0073026541305964456,0.004793669733071214,0.002019570183381326,0.03267802050786343,0.03573563165668219,0.005951765837271552,0.027011457133190198,0.022344880153710858,-0.040455800397382745,0.0112634449874412
parsorbitalis,-0.023313871966264835,-0.004861328512819869,0.01988727592738692,-0.0012514119652883265,-0.002532815404087869,0.0003975530778044682,-0.01888853765657999,-0.006370419406994802,-0.005010288558014482,-0.0039049665218910683,0.014163323511168906,-0.006911193860808562,0.06091601863476265,0.017659654393234386,0.02218554803044017,-0.022775644194455283,-0.005268943411149722,-0.014132597213434902,0.0032441938869835103,1.0,0.04098450621691185,0.01635985202164342,0.004104907465829671,0.0048591031104014476,0.0011405493465850589,0.024913965397631042,0.017931880341328425,0.030524257149568055,-0.017178911148891675,0.010438931359233074,0.022346625082870664,-0.0026158975544451914,-0.005851230840612742,0.0007339682459657047
parstriangularis,0.0038435902212676175,0.0018186418236352713,-0.011503557269773215,0.02590305336623322,0.004971483573658992,0.028241312695629118,-0.03218419651737388,-0.0005394765394152022,-0.013844309054908068,0.020768848856171526,-0.022571562345162017,0.000986954138679593,0.0004155587071504114,0.002749630181701316,0.00012112120534049135,-0.013191575969696796,-0.0045740885603608875,0.015139134738574225,0.04529153950829484,0.04098450621691185,1.0,-0.011313928296306662,-0.013324411693500977,-0.001618438850656515,0.013242354631266997,0.00756259872223449,0.0014730520758926924,0.03650649218329451,0.021833251880780485,0.03516249128710683,0.019062142906204393,0.021864782945669552,-0.00048756104974429453,0.016243791300833033
pericalcarine,0.0095225426161005,0.009469725351087062,-0.0032747115079457575,0.23974269049013874,-0.014394798989754563,-0.0077720565489353185,0.007240461149803105,-0.021984224516703836,-0.03812875478860635,-0.004505788635438239,-0.022027730931921563,0.044581003140041625,-0.01035015203941589,0.12019709972506011,0.006708930811224648,-0.010130242106677031,0.0309753467230437,-0.009953271178521255,-0.016740240794073987,0.01635985202164342,-0.011313928296306662,1.0,0.0015423941354071437,-0.008749512092486797,0.023535466491803478,-0.0023316840553737443,-0.01861707191978805,-0.006321798914022234,-0.01889332578428654,0.013930083288354725,-0.007752623391180362,-0.019692027917458887,0.009116687433945688,0.004930887772819957
postcentral,0.01937191771382413,0.005159926174536164,0.018169467753616643,7.787274335232535e-05,-0.01310708820193897,0.021936580533344737,-0.022899827818684014,0.038866009005343004,0.011295002591707431,0.0113750964679043,0.002032729456376056,0.01249403736288669,0.0066375325888319734,0.006277151985440611,-0.008629049837813048,0.050141561091355376,0.01949514244377556,-0.010527790859172216,-0.029094351335101763,0.004104907465829671,-0.013324411693500977,0.0015423941354071437,1.0,0.013337766026709667,0.08463530662853924,0.013336487282903733,0.019062659684297385,-0.022639067944768644,-0.011364558882279845,0.020722457940253833,0.008408189810413025,0.12725656199022034,0.002947438357872003,0.015162426040870218
posteriorcingulate,0.03904848928029523,0.03620353184108439,-0.0004729410683902893,0.014714881578212245,-0.01165345902612658,-0.015095036953763718,-0.03674761622409748,0.0014125329569034913,-0.0322922966032848,0.028254738558847584,0.03192031726741575,-0.01717265866119144,-0.014336402934974133,0.00866847439625909,0.011493827552921337,0.021477145078538762,-0.00010589283955068301,0.000774954809556764,0.0036784851337844007,0.0048591031104014476,-0.001618438850656515,-0.008749512092486797,0.013337766026709667,1.0,0.0058757959600233885,-0.00930087434023606,0.01469289505661204,0.028515502367809344,0.046561706616026995,-0.012172833166612392,-0.005307049950067952,-0.005386807375026996,0.02775135054088975,-0.0027135521605546322
precentral,0.004179173539599573,0.0063339138805745465,0.06369160630849037,0.002526294933325714,-0.0019785873891599065,0.012879647917195845,0.007466132834154127,0.002100117733117798,-0.015557984176678901,-0.005084260562846411,-0.008805281540323865,0.006462374717191427,0.0018656906296962018,0.0018719340203039079,-0.036329940684927585,0.014485193361435895,0.035104338749207785,0.005278252979300048,0.0073026541305964456,0.0011405493465850589,0.013242354631266997,0.023535466491803478,0.08463530662853924,0.0058757959600233885,1.0,-0.0010061406093877158,-0.00015404306761756707,0.027245072746837063,0.0541147906396304,0.010955870180760519,-0.018708488448062093,0.023689194360487123,-0.005457904267780876,-0.004670714633293905
precuneus,0.0013391298892848529,0.020159949070181774,-0.007153129858097776,0.04245035460382522,0.006164632548315391,0.022392287420367068,0.003101637377083537,-0.0024946706314699267,-0.011333450892584106,-0.002603972973155581,0.05962816982572088,0.021389330689610977,-0.00039959932147985884,0.023913233779901,-0.010548581471569863,-0.00808905622086569,-0.013263267875465317,0.019849147801201842,0.004793669733071214,0.024913965397631042,0.00756259872223449,-0.0023316840553737443,0.013336487282903733,-0.00930087434023606,-0.0010061406093877158,1.0,-0.013528324829249198,0.004563808419925125,0.02572550992396357,0.0678000018880053,-0.0034107736947262698,0.012189453265291684,-0.014585218915039664,0.0034593170758146687
rostralanteriorcingulate,0.006910076727074197,0.07027458294446944,0.00709083016463643,-0.04142551384506006,0.0013479164018283093,-0.001887560301930434,0.008209968183299747,0.0034477982477258205,0.00723622144561778,-0.006278154728361494,0.0016026797511645363,0.0055697845746435345,0.006491068939309086,-0.002919543727146182,0.015634389783862522,-0.003237981974623389,0.018096290415552305,0.010082704791299047,0.002019570183381326,0.017931880341328425,0.0014730520758926924,-0.01861707191978805,0.019062659684297385,0.01469289505661204,-0.00015404306761756707,-0.013528324829249198,1.0,-0.003280325906616774,0.01967777651452706,-0.0010574575695533556,0.0023301922510159862,-0.02576851192027167,0.030872883478319152,-0.008885975403330726
rostralmiddlefrontal,-0.002090857720626041,0.008906904479358175,0.041109571430571805,0.004533560417753169,-0.020764999026902767,0.018327539312969002,-0.002391086249155322,-0.01369502378525881,0.02181276197542512,0.0034063501762435157,0.008048846517441218,0.003111652525354964,0.027604096673078896,0.009861364738283291,-0.0018818554106779682,0.002080135245694243,-0.01423800793177822,-0.01804145568663144,0.03267802050786343,0.030524257149568055,0.03650649218329451,-0.006321798914022234,-0.022639067944768644,0.028515502367809344,0.027245072746837063,0.004563808419925125,-0.003280325906616774,1.0,0.008669950828036687,0.004074480771241946,0.0062046861279011975,0.01804922893786677,-0.01761146279136634,0.009280560339162431
superiorfrontal,0.023031517840093343,0.032763203239327895,0.0349596386250519,0.009618119490045474,-0.0036659253287498065,0.015238159610805393,0.017316503028598683,-0.006307158766831346,-0.012217982624957487,0.007141065808235994,0.0069380169922397435,-0.013650231101504118,0.021930142116719793,-0.022936071819606055,-0.022383471415866826,-0.01819865169489368,0.027675338876214057,-0.009029925786649254,0.03573563165668219,-0.017178911148891675,0.021833251880780485,-0.01889332578428654,-0.011364558882279845,0.046561706616026995,0.0541147906396304,0.02572550992396357,0.01967777651452706,0.008669950828036687,1.0,0.01791992296482337,-0.0022010329251207707,-0.006634924063234614,-0.03996455630399086,-0.01582367044761549
superiorparietal,-0.02410379736790352,-0.003916173056868224,-0.0013937262291759218,0.0394422770840401,-0.0037687669141617795,0.004071613134834611,-0.026109064869173717,0.05237397392839192,0.024309369784977088,0.001616295501995512,0.017928702148511583,0.03506790456015024,-0.005654394358498396,0.020274325390674162,-0.007854924366979333,-0.009976521301030916,0.02846132269054874,0.02183838025063078,0.005951765837271552,0.010438931359233074,0.03516249128710683,0.013930083288354725,0.020722457940253833,-0.012172833166612392,0.010955870180760519,0.0678000018880053,-0.0010574575695533556,0.004074480771241946,0.01791992296482337,1.0,0.0005710616716760592,0.025653606116807674,-0.0002539329413106188,0.018946991640866377
superiortemporal,0.055688216341661004,-0.001692684741497294,0.010646805313849008,-0.00930439992003851,0.017700330069687884,-0.02148408346148552,-0.03283268958340776,0.004330092363865421,0.026936460047222718,0.035052095876309246,-0.00010767348682392351,0.04084632077709716,0.03722833007510063,-0.014560937077197252,0.0008356700085408259,0.0550140393007583,0.048864838626394444,0.0211207621567619,0.027011457133190198,0.022346625082870664,0.019062142906204393,-0.007752623391180362,0.008408189810413025,-0.005307049950067952,-0.018708488448062093,-0.0034107736947262698,0.0023301922510159862,0.0062046861279011975,-0.0022010329251207707,0.0005710616716760592,1.0,0.016830390722924634,0.028941867633223237,0.07568442096384398
supramarginal,0.06459878489008203,-0.003191903825464333,0.0005597451384126231,0.018399890678596636,-0.025618878450421323,0.053728738103693004,-0.004318223169792028,0.05139739353737559,-0.012754974631495285,-0.012620820734724035,0.013039545827632748,0.007775281296883794,0.006047925620090578,-0.02202820872660438,0.014879327684174994,0.05416322785381633,-0.011134861504897035,0.012986519708956585,0.022344880153710858,-0.0026158975544451914,0.021864782945669552,-0.019692027917458887,0.12725656199022034,-0.005386807375026996,0.023689194360487123,0.012189453265291684,-0.02576851192027167,0.01804922893786677,-0.006634924063234614,0.025653606116807674,0.016830390722924634,1.0,0.01929963242225879,0.03110746397395495
temporalpole,0.007483276605966389,-0.0015947533828959126,-0.02148680739950414,0.008833723304802117,0.04102175156827791,0.01661532340858371,-0.009549706000743367,0.02498577712687216,-0.012729609248534444,0.04464477241166651,0.0025890392838111217,0.008582919702386867,0.012559686927316484,-0.00443279058539907,0.04399702681114514,-0.007114090722827693,0.0033791091428183495,0.03136037223296925,-0.040455800397382745,-0.005851230840612742,-0.00048756104974429453,0.009116687433945688,0.002947438357872003,0.02775135054088975,-0.005457904267780876,-0.014585218915039664,0.030872883478319152,-0.01761146279136634,-0.03996455630399086,-0.0002539329413106188,0.028941867633223237,0.01929963242225879,1.0,0.018447375799083305
transversetemporal,0.0208710253975669,-0.027882762962338492,-0.0037163256538433444,-0.013840087909814839,-0.0009639449378691777,0.010613456848806926,-0.01799465100604872,-0.012222356326995061,0.01198059607539723,-0.005709571103875547,-0.01143699467222418,0.02456647537486013,0.010158531211374352,-0.020665294084469904,0.0028235262090408365,0.024855178086825146,0.006405391129967319,0.0004630786842774058,0.0112634449874412,0.0007339682459657047,0.016243791300833033,0.004930887772819957,0.015162426040870218,-0.0027135521605546322,-0.004670714633293905,0.0034593170758146687,-0.008885975403330726,0.009280560339162431,-0.01582367044761549,0.018946991640866377,0.07568442096384398,0.03110746397395495,0.018447375799083305,1.0
