area,bankssts,caudalanteriorcingulate,caudalmiddlefrontal,cuneus,entorhinal,frontalpole,fusiform,inferiorparietal,inferiortemporal,insula,isthmuscingulate,lateraloccipital,lateralorbitofrontal,lingual,medialorbitofrontal,middletemporal,paracentral,parahippocampal,parsopercularis,parsorbitalis,parstriangularis,pericalcarine,postcentral,posteriorcingulate,precentral,precuneus,rostralanteriorcingulate,rostralmiddlefrontal,superiorfrontal,superiorparietal,superiortemporal,supramarginal,temporalpole,transversetemporal
bankssts,1.0,-0.0049831426299874184,-0.010673209208978723,-0.0035915164111219836,-0.0019419941924540072,-0.030812441782960484,-0.00021901851681755587,0.04068503726801723,-0.0006694851466516133,-0.015113209711745661,-0.009918802975559493,0.007930267012282945,-0.0037506068553432733,0.0031439704279693924,-0.011149601400869447,0.06796563761794913,0.03111240889809079,-0.015021546109679363,0.026887814670672937,0.0015127100226063703,0.014563684071938147,-0.0009142881680719976,-0.011054859579972548,0.01654504941300012,0.002507146497531966,-0.0023429277852302886,0.0037235442581296197,-0.018800826345700575,0.005623637279258632,0.020932390722154668,0.053618040614819666,0.06867233173295144,-0.0031601641459818083,0.03823707900468742
caudalanteriorcingulate,-0.0049831426299874184,1.0,0.021724183966663084,-0.0007850011439717453,0.013387227582890007,-0.0018844087628890678,-0.009391231377747996,-0.006044306472971725,0.01792200695725675,0.002902150370061937,0.017444000750110742,0.001736484416160524,0.010319991347817034,0.012368182789959667,0.01286515285466266,-0.0240794582919735,0.026339213820350416,0.0010668636561510314,-0.009702570198332431,-0.012274748801444732,0.0022721620391996404,-0.01505062738451837,-0.003937665373451148,0.05612049298624972,-0.0010982568126880804,0.012243182644215552,0.02711545441751362,0.016465824481542525,0.02960025841450739,0.0021494751993155477,-0.0018374391733357164,-0.02751213934533834,0.014513575937327779,0.013852604924891777
caudalmiddlefrontal,-0.010673209208978723,0.021724183966663084,1.0,-0.006459996213306388,-0.023690934541642266,-0.0006016351692893805,0.002601447447549944,-6.0567020006093094e-05,0.0018575828847826527,0.012472943329478752,0.002057579369867969,-0.003230152897546979,-0.01954282268524497,-0.010737224639867963,-0.002941068075483549,-0.02137699136002485,0.018438902308020994,-0.015664050249932223,0.0273544185743339,0.005615216744096823,0.011741249922121923,-0.0019420754433504199,0.021137564792577317,-0.0302520724612812,0.04558975462299985,0.02680793955544114,0.003034997344754819,0.047184548639545965,0.01627437503141239,-0.01892255232147367,0.006660157116482952,0.009990488386720177,-0.01736233410458041,0.01039347440626543
cuneus,-0.0035915164111219836,-0.0007850011439717453,-0.006459996213306388,1.0,0.02014096732664884,-0.00738026825834277,0.010775719120452549,0.012302563829188954,0.014441207210509099,0.009181640407252216,-9.936371893845923e-05,0.03205912772913514,-0.005925685005310699,0.07880869741088446,-0.00022321847871414663,7.759171056655913e-05,0.013875029735823805,0.01834413941367957,0.005180691789046989,0.004511086579339348,-0.027108945286489102,0.2534780303375601,-0.010860420662526061,0.005180851434160128,0.004956042076075049,0.08508599026846698,-0.004684531153272587,0.01771440563191876,0.03524412942152862,0.022387879871913346,-0.00914967642394911,-0.029463425762061186,0.01275167462421171,0.013373793544538168
entorhinal,-0.0019419941924540072,0.013387227582890007,-0.023690934541642266,0.02014096732664884,1.0,0.011680807814656904,0.01377669394113101,-0.0022928379177369336,0.0007604430467348203,0.00791357033815153,0.037570584472338596,-0.01516826695735533,-0.008209212402669879,0.02150877908333331,0.0010294427469894607,-0.016144993701426025,0.007740162046111065,0.07450239588588117,0.013087560454932843,0.00923351261439589,0.008088627168860716,0.00814176818976678,-0.0031254434568558204,0.03018410920802958,-0.028362753867442195,0.011542550525805047,-0.014884426734504155,-0.0344188440091261,-0.002008032270039819,-0.02013510123261988,0.0010856459763995108,0.010318633231827702,0.023837079198846867,-0.00508675947352068
frontalpole,-0.030812441782960484,-0.0018844087628890678,-0.0006016351692893805,-0.00738026825834277,0.011680807814656904,1.0,0.011212620365729873,0.009426646205763818,-0.0075673181357044025,0.04870867131632758,-0.007669026533424573,0.007507182751254032,-0.0018363946217741158,-0.022548463721564122,0.05537160854468976,-0.00599505845233368,0.018259391830585357,-0.017592154022725938,0.0532532831462136,-0.005680732883049106,0.02031705791540129,-0.003265372641496991,0.009310227102145255,-0.002269786969574622,-0.025858809321302176,0.015422525857737648,0.003075407791096019,0.026656501423187918,-0.013130214041671693,0.012381505156716568,-0.011527436415561292,0.02332446249265966,-0.00024518457840970963,-0.004587639430834129
fusiform,-0.00021901851681755587,-0.009391231377747996,0.002601447447549944,0.010775719120452549,0.01377669394113101,0.011212620365729873,1.0,0.01645126858968708,0.07293326725288365,0.017237320620787998,0.005049897320513813,0.04267889304856121,0.02012333325004081,0.05206237654105606,0.008900113332297677,0.017259317238547137,0.009028716977300861,0.05843019427128229,-0.02079712276636314,-0.00818810969709523,-4.9962922462942336e-05,0.057209122954914676,0.015345694592335644,-0.00996867979927624,-0.007768347178265977,0.016317186996903914,0.019180001807224702,-0.0031271970367983365,-0.014661143878829129,0.005395033827299592,0.015655007713386623,0.017153749970908176,0.00556429063046801,-0.007685760981063063
inferiorparietal,0.04068503726801723,-0.006044306472971725,-6.0567020006093094e-05,0.012302563829188954,-0.0022928379177369336,0.009426646205763818,0.01645126858968708,1.0,0.03972323822723299,0.004810249667101328,-0.021073425071828102,0.0548178436896236,-0.002188383881298916,-0.008886834840007867,0.014610193129328219,0.033196783866415516,-0.002267627179488279,-0.016269287197933923,0.02023511205568193,0.0007347569775504637,-0.0011826379004517566,0.007693768122292112,0.02131641591804599,-0.016920994484269918,0.021112047609927742,0.010810235906413997,-0.00026418602833257594,-0.004293105054215827,-0.01489636609875175,0.05581758001626093,-0.02160928848003572,0.03284220054657068,-0.041161614429258794,-0.012021122315661015
inferiortemporal,-0.0006694851466516133,0.01792200695725675,0.0018575828847826527,0.014441207210509099,0.0007604430467348203,-0.0075673181357044025,0.07293326725288365,0.03972323822723299,1.0,0.012812741781039614,0.01227233000655195,0.04495308014859577,0.0013492492936050722,0.036390931919737274,-0.011213727870964706,0.08033243631667021,-0.011626697127613737,0.002031703259002073,0.009104111809164083,0.011544230977570645,0.017105918244275032,0.01805446049070821,0.01871908134294496,-0.0018141109501970418,0.016328211807816587,0.013524073793111463,0.009988074198740862,-0.008577027539834985,-0.02074668345007687,0.015178752907466305,0.02264298734218354,-0.01685843190031956,-0.015571592123577315,0.008528124336464622
insula,-0.015113209711745661,0.002902150370061937,0.012472943329478752,0.009181640407252216,0.00791357033815153,0.04870867131632758,0.017237320620787998,0.004810249667101328,0.012812741781039614,1.0,-0.006773049763168612,-0.002209900158907412,-0.0030728640701098847,-0.027272156916475814,0.018765726588143582,0.041801226033769186,0.016130032601182308,-0.011904753275378306,0.014472028437329356,0.02551366607161658,0.030354950558509602,-0.00898306216277421,-0.003877647157187468,-0.025063807840536318,-0.01857268084892463,0.01758130690774681,-0.006212578804928432,-0.010820131336013259,-0.003473307222521966,0.010258743932457329,0.01919225860653287,0.008621655887381997,0.028407786382520932,0.048587495083417774
isthmuscingulate,-0.009918802975559493,0.017444000750110742,0.002057579369867969,-9.936371893845923e-05,0.037570584472338596,-0.007669026533424573,0.005049897320513813,-0.021073425071828102,0.01227233000655195,-0.006773049763168612,1.0,-0.006284853650857296,0.015964657131639644,0.05336793990660195,0.00814705779979142,-0.009787792567385177,-0.017693593548106536,0.013464181137434103,-0.04880725509408425,0.0004867397481128978,-0.0068408556041432075,0.011199073724428759,-0.019362560219283145,0.042328569947796005,-0.007331645099498869,0.031419835786130564,0.005958676926142042,0.015138890760915806,-0.014305828936347728,0.023740614971992063,0.017903468101855908,0.002615574192960912,0.0020042208113630355,0.012149601003527926
lateraloccipital,0.007930267012282945,0.001736484416160524,-0.003230152897546979,0.03205912772913514,-0.01516826695735533,0.007507182751254032,0.04267889304856121,0.0548178436896236,0.04495308014859577,-0.002209900158907412,-0.006284853650857296,1.0,0.024197720666408826,0.018200034246136854,0.0017901918955070077,0.023218797628747387,-0.00707370526340328,0.0002926861826213283,0.01982181595228516,-3.6148259531913525e-05,0.0017916975940019744,0.04352263397936366,-0.0009142717959419188,0.02333308056403405,-0.007714919045841049,0.015596592603703868,-0.00041234969078811454,0.0029279602204561636,0.0094739958460883,0.042736084864744964,-0.02250393307570385,0.02584469680147215,0.011043187001270457,0.003318024461235945
lateralorbitofrontal,-0.0037506068553432733,0.010319991347817034,-0.01954282268524497,-0.005925685005310699,-0.008209212402669879,-0.0018363946217741158,0.02012333325004081,-0.002188383881298916,0.0013492492936050722,-0.0030728640701098847,0.015964657131639644,0.024197720666408826,1.0,0.013916260472750836,0.0419488599699566,0.008253523089196866,-0.0010538278023368769,0.0063618237302933865,0.013008702001786592,0.039575773208114,-0.0032483562858509137,0.010947668825276093,0.013616044943197679,-0.013066154494907641,0.007667159648753541,0.025049470359585175,0.0019066740024817686,0.028092310627826595,-0.041166013493806615,0.0025042973194121755,0.016838040335356574,-0.008626489962277693,0.02842940940095225,0.012001409114589722
lingual,0.0031439704279693924,0.012368182789959667,-0.010737224639867963,0.07880869741088446,0.02150877908333331,-0.022548463721564122,0.05206237654105606,-0.008886834840007867,0.036390931919737274,-0.027272156916475814,0.05336793990660195,0.018200034246136854,0.013916260472750836,1.0,0.008480619425800022,0.020643444553006478,-0.02192582777966618,0.033932964942758166,0.023650952168850915,-0.005832628773022528,-0.0235460479410894,0.11825664906857632,-0.014975401060776645,0.016709462198323574,0.0011304328666409548,0.019464610288241656,-0.014768770399486304,0.010921917492683954,0.0389073730117889,0.032898986706457314,0.008675994142179415,-0.03317221866785385,0.02179089270623159,-0.005040451043486698
medialorbitofrontal,-0.011149601400869447,0.01286515285466266,-0.002941068075483549,-0.00022321847871414663,0.0010294427469894607,0.05537160854468976,0.008900113332297677,0.014610193129328219,-0.011213727870964706,0.018765726588143582,0.00814705779979142,0.0017901918955070077,0.0419488599699566,0.008480619425800022,1.0,0.0010762737962577945,0.03274541992876314,0.01831533147358776,0.01486897753963684,-0.02943081098665222,-0.007302499191131515,-0.0290399022841136,-0.017876102767978252,-0.014978375487620692,0.00024315597097622745,-0.008224235959578491,0.007039504161377829,0.005114496626471119,0.022545857422354664,0.020375750872062077,-0.0194035747629827,-0.02293074160449845,0.04681961093861449,0.00263427743075879
middletemporal,0.06796563761794913,-0.0240794582919735,-0.02137699136002485,7.759171056655913e-05,-0.016144993701426025,-0.00599505845233368,0.017259317238547137,0.033196783866415516,0.08033243631667021,0.041801226033769186,-0.009787792567385177,0.023218797628747387,0.008253523089196866,0.020643444553006478,0.0010762737962577945,1.0,-0.00305903253335361,0.008964816181162493,0.003632499644197106,0.02204232021704874,0.0011906049039938007,0.00015305346330109416,-0.011170971906671264,-0.0025400757495961995,-0.020622858595353594,0.02570769763789959,-0.016347655426374855,0.014388633227466098,0.003980514066283425,-0.015513644235733365,0.052618925749288115,0.021210624460556434,-0.03219807719061563,0.03813546817162865
paracentral,0.03111240889809079,0.026339213820350416,0.018438902308020994,0.013875029735823805,0.007740162046111065,0.018259391830585357,0.009028716977300861,-0.002267627179488279,-0.011626697127613737,0.016130032601182308,-0.017693593548106536,-0.00707370526340328,-0.0010538278023368769,-0.02192582777966618,0.03274541992876314,-0.00305903253335361,1.0,-0.016285300972473694,0.012551822027241392,-0.0030759752101378337,-0.024515990639564746,-0.01550427973232525,0.03356405452146512,0.025522365552729263,-0.009600665897804424,0.046189409777473836,0.023516311398087058,-0.004626207633702076,0.033692340001746646,-0.00975558110665139,-0.023952080655869328,0.012583144136753502,-0.007448697500368863,0.015656669599580418
parahippocampal,-0.015021546109679363,0.0010668636561510314,-0.015664050249932223,0.01834413941367957,0.07450239588588117,-0.017592154022725938,0.05843019427128229,-0.016269287197933923,0.002031703259002073,-0.011904753275378306,0.013464181137434103,0.0002926861826213283,0.0063618237302933865,0.033932964942758166,0.01831533147358776,0.008964816181162493,-0.016285300972473694,1.0,-0.009788592763356144,-0.005239573746499028,0.0061831829630178215,0.024638867003486598,-0.008514776142974103,-0.001021066184450332,0.01190768032176554,-0.0053490653316355455,-0.004101069046381667,-0.018165586173789775,0.029401958213350815,-0.015961911289234562,0.007634021990906752,-0.018524452426169704,0.014767065801596594,-0.01132624389867629
parsopercularis,0.026887814670672937,-0.009702570198332431,0.0273544185743339,0.005180691789046989,0.013087560454932843,0.0532532831462136,-0.02079712276636314,0.02023511205568193,0.009104111809164083,0.014472028437329356,-0.04880725509408425,0.01982181595228516,0.013008702001786592,0.023650952168850915,0.01486897753963684,0.003632499644197106,0.012551822027241392,-0.009788592763356144,1.0,-0.009444937063236312,0.01850983662742027,-0.01585100837206216,-0.006772787105887864,-0.00832578291498981,0.015349109142280689,-0.017267143807623706,0.02097990009971089,0.01654114919753386,0.042158548288034496,-0.0049159359382798,-0.025318216163966407,0.019912770540826928,0.01905446761876147,-0.01642459311439683
parsorbitalis,0.0015127100226063703,-0.012274748801444732,0.005615216744096823,0.004511086579339348,0.00923351261439589,-0.005680732883049106,-0.00818810969709523,0.0007347569775504637,0.011544230977570645,0.02551366607161658,0.0004867397481128978,-3.6148259531913525e-05,0.039575773208114,-0.005832628773022528,-0.02943081098665222,0.02204232021704874,-0.0030759752101378337,-0.005239573746499028,-0.009444937063236312,1.0,0.03500624903046908,-0.00011983950656888007,-0.01021099753581981,0.004809441796492792,0.004201728105240943,0.02039158513757894,-0.01741231810182001,0.030490689713655376,0.016830119157813458,0.007374570590449161,-0.001442687376870389,0.015956258290672754,0.0107984114140553,0.022041067479203945
parstriangularis,0.014563684071938147,0.0022721620391996404,0.011741249922121923,-0.027108945286489102,0.008088627168860716,0.02031705791540129,-4.9962922462942336e-05,-0.0011826379004517566,0.017105918244275032,0.030354950558509602,-0.0068408556041432075,0.0017916975940019744,-0.0032483562858509137,-0.0235460479410894,-0.007302499191131515,0.0011906049039938007,-0.024515990639564746,0.0061831829630178215,0.01850983662742027,0.03500624903046908,1.0,-0.0012991645099697847,-0.013806703895651456,0.007072035396195968,-0.025647859454429052,0.015734620000490546,-0.016546726865654143,0.0720021155469733,-0.008192966709326432,0.027276948756669448,-0.02473103686202004,-0.0018288001472185616,-0.009642812169733662,0.007169573939062317
pericalcarine,-0.0009142881680719976,-0.01505062738451837,-0.0019420754433504199,0.2534780303375601,0.00814176818976678,-0.003265372641496991,0.057209122954914676,0.007693768122292112,0.01805446049070821,-0.00898306216277421,0.011199073724428759,0.04352263397936366,0.010947668825276093,0.11825664906857632,-0.0290399022841136,0.00015305346330109416,-0.01550427973232525,0.024638867003486598,-0.01585100837206216,-0.00011983950656888007,-0.0012991645099697847,1.0,0.019136995180045805,0.005448956431692586,-1.8569922417662148e-05,0.0369107186966438,-0.0018314632197036378,-0.001795347048656024,0.00027442671441436987,-0.028358086165795743,0.005111396707894269,-0.009838052790053889,0.009267612964898456,0.010764201937641476
postcentral,-0.011054859579972548,-0.003937665373451148,0.021137564792577317,-0.010860420662526061,-0.0031254434568558204,0.009310227102145255,0.015345694592335644,0.02131641591804599,0.01871908134294496,-0.003877647157187468,-0.019362560219283145,-0.0009142717959419188,0.013616044943197679,-0.014975401060776645,-0.017876102767978252,-0.011170971906671264,0.03356405452146512,-0.008514776142974103,-0.006772787105887864,-0.01021099753581981,-0.013806703895651456,0.019136995180045805,1.0,0.008380159782336248,0.10720841666908408,-0.011312864228116887,-0.00797963343216192,-0.0007171908917300571,-0.009728203881891299,-0.004842611645131905,-0.010608464537136009,0.09850926143378112,-0.00046738383076377096,-0.015931397410456967
posteriorcingulate,0.01654504941300012,0.05612049298624972,-0.0302520724612812,0.005180851434160128,0.03018410920802958,-0.002269786969574622,-0.00996867979927624,-0.016920994484269918,-0.0018141109501970418,-0.025063807840536318,0.042328569947796005,0.02333308056403405,-0.013066154494907641,0.016709462198323574,-0.014978375487620692,-0.0025400757495961995,0.025522365552729263,-0.001021066184450332,-0.00832578291498981,0.004809441796492792,0.007072035396195968,0.005448956431692586,0.008380159782336248,1.0,-0.020227938039269398,0.03632716078321761,0.015703237566996226,0.005976702287178502,0.01295061483453061,-0.003500466926119439,0.02110092439731682,0.014251582552204664,-0.009547043579342322,-0.00756947891261305
precentral,0.002507146497531966,-0.0010982568126880804,0.04558975462299985,0.004956042076075049,-0.028362753867442195,-0.025858809321302176,-0.007768347178265977,0.021112047609927742,0.016328211807816587,-0.01857268084892463,-0.007331645099498869,-0.007714919045841049,0.007667159648753541,0.0011304328666409548,0.00024315597097622745,-0.020622858595353594,-0.009600665897804424,0.01190768032176554,0.015349109142280689,0.004201728105240943,-0.025647859454429052,-1.8569922417662148e-05,0.10720841666908408,-0.020227938039269398,1.0,-0.009103474947841446,-0.011049163111049703,-0.009273332942519063,-0.005961571907362877,-0.009683809503523249,0.008385209840935524,0.05197969827499598,0.013302415096813347,-0.005879342492855831
precuneus,-0.0023429277852302886,0.012243182644215552,0.02680793955544114,0.08508599026846698,0.011542550525805047,0.015422525857737648,0.016317186996903914,0.010810235906413997,0.013524073793111463,0.01758130690774681,0.031419835786130564,0.015596592603703868,0.025049470359585175,0.019464610288241656,-0.008224235959578491,0.02570769763789959,0.046189409777473836,-0.0053490653316355455,-0.017267143807623706,0.02039158513757894,0.015734620000490546,0.0369107186966438,-0.011312864228116887,0.03632716078321761,-0.009103474947841446,1.0,0.006314297547200847,-0.007510402439711043,0.02829220413174579,0.08950505816438536,0.01984784237595125,0.02936257509017891,-0.013820475710985462,-0.015024703219020764
rostralanteriorcingulate,0.0037235442581296197,0.02711545441751362,0.003034997344754819,-0.004684531153272587,-0.014884426734504155,0.003075407791096019,0.019180001807224702,-0.00026418602833257594,0.009988074198740862,-0.006212578804928432,0.005958676926142042,-0.00041234969078811454,0.0019066740024817686,-0.014768770399486304,0.007039504161377829,-0.016347655426374855,0.023516311398087058,-0.004101069046381667,0.02097990009971089,-0.01741231810182001,-0.016546726865654143,-0.0018314632197036378,-0.00797963343216192,0.015703237566996226,-0.011049163111049703,0.006314297547200847,1.0,0.022840717780474765,0.023760161183651943,0.021387054734227536,-0.0015047239407719416,0.0011830245245846405,0.015894857004823224,0.02473851922253447
rostralmiddlefrontal,-0.018800826345700575,0.016465824481542525,0.047184548639545965,0.01771440563191876,-0.0344188440091261,0.026656501423187918,-0.0031271970367983365,-0.004293105054215827,-0.008577027539834985,-0.010820131336013259,0.015138890760915806,0.0029279602204561636,0.028092310627826595,0.010921917492683954,0.005114496626471119,0.014388633227466098,-0.004626207633702076,-0.018165586173789775,0.01654114919753386,0.030490689713655376,0.0720021155469733,-0.001795347048656024,-0.0007171908917300571,0.005976702287178502,-0.009273332942519063,-0.007510402439711043,0.022840717780474765,1.0,0.03687627307248117,0.017822421062715556,-0.024284417019189403,-0.029654347858510212,-0.012055843742338763,-0.007288920080880156
superiorfrontal,0.005623637279258632,0.02960025841450739,0.01627437503141239,0.03524412942152862,-0.002008032270039819,-0.013130214041671693,-0.014661143878829129,-0.01489636609875175,-0.02074668345007687,-0.003473307222521966,-0.014305828936347728,0.0094739958460883,-0.041166013493806615,0.0389073730117889,0.022545857422354664,0.003980514066283425,0.033692340001746646,0.029401958213350815,0.042158548288034496,0.016830119157813458,-0.008192966709326432,0.00027442671441436987,-0.009728203881891299,0.01295061483453061,-0.005961571907362877,0.02829220413174579,0.023760161183651943,0.03687627307248117,1.0,-0.0069505119040059625,0.0005539227267693776,0.006256419739473051,-0.030254099343255198,-0.004480656258083686
superiorparietal,0.020932390722154668,0.0021494751993155477,-0.01892255232147367,0.022387879871913346,-0.02013510123261988,0.012381505156716568,0.005395033827299592,0.05581758001626093,0.015178752907466305,0.010258743932457329,0.023740614971992063,0.042736084864744964,0.0025042973194121755,0.032898986706457314,0.020375750872062077,-0.015513644235733365,-0.00975558110665139,-0.015961911289234562,-0.0049159359382798,0.007374570590449161,0.027276948756669448,-0.028358086165795743,-0.004842611645131905,-0.003500466926119439,-0.009683809503523249,0.08950505816438536,0.021387054734227536,0.017822421062715556,-0.0069505119040059625,1.0,-0.014447315718118782,0.04753776135635161,-0.014974518198097872,-0.03919377485548686
superiortemporal,0.053618040614819666,-0.0018374391733357164,0.006660157116482952,-0.00914967642394911,0.0010856459763995108,-0.011527436415561292,0.015655007713386623,-0.02160928848003572,0.02264298734218354,0.01919225860653287,0.017903468101855908,-0.02250393307570385,0.016838040335356574,0.008675994142179415,-0.0194035747629827,0.052618925749288115,-0.023952080655869328,0.007634021990906752,-0.025318216163966407,-0.001442687376870389,-0.02473103686202004,0.005111396707894269,-0.010608464537136009,0.02110092439731682,0.008385209840935524,0.01984784237595125,-0.0015047239407719416,-0.024284417019189403,0.0005539227267693776,-0.014447315718118782,1.0,0.058969085901589065,-0.006664330139329193,0.04812005116309874
supramarginal,0.06867233173295144,-0.02751213934533834,0.009990488386720177,-0.029463425762061186,0.010318633231827702,0.02332446249265966,0.017153749970908176,0.03284220054657068,-0.01685843190031956,0.008621655887381997,0.002615574192960912,0.02584469680147215,-0.008626489962277693,-0.03317221866785385,-0.02293074160449845,0.021210624460556434,0.012583144136753502,-0.018524452426169704,0.019912770540826928,0.015956258290672754,-0.0018288001472185616,-0.009838052790053889,0.09850926143378112,0.014251582552204664,0.05197969827499598,0.02936257509017891,0.0011830245245846405,-0.029654347858510212,0.006256419739473051,0.04753776135635161,0.058969085901589065,1.0,0.0029229640985061756,0.04085911757466834
temporalpole,-0.0031601641459818083,0.014513575937327779,-0.01736233410458041,0.01275167462421171,0.023837079198846867,-0.00024518457840970963,0.00556429063046801,-0.041161614429258794,-0.015571592123577315,0.028407786382520932,0.0020042208113630355,0.011043187001270457,0.02842940940095225,0.02179089270623159,0.04681961093861449,-0.03219807719061563,-0.007448697500368863,0.014767065801596594,0.01905446761876147,0.0107984114140553,-0.009642812169733662,0.009267612964898456,-0.00046738383076377096,-0.009547043579342322,0.013302415096813347,-0.013820475710985462,0.015894857004823224,-0.012055843742338763,-0.030254099343255198,-0.014974518198097872,-0.006664330139329193,0.0029229640985061756,1.0,0.028323055912853463
transversetemporal,0.03823707900468742,0.013852604924891777,0.01039347440626543,0.013373793544538168,-0.00508675947352068,-0.004587639430834129,-0.007685760981063063,-0.012021122315661015,0.008528124336464622,0.048587495083417774,0.012149601003527926,0.003318024461235945,0.012001409114589722,-0.005040451043486698,0.00263427743075879,0.03813546817162865,0.015656669599580418,-0.01132624389867629,-0.01642459311439683,0.022041067479203945,0.007169573939062317,0.010764201937641476,-0.015931397410456967,-0.00756947891261305,-0.005879342492855831,-0.015024703219020764,0.02473851922253447,-0.007288920080880156,-0.004480656258083686,-0.03919377485548686,0.04812005116309874,0.04085911757466834,0.028323055912853463,1.0
