area,bankssts,caudalanteriorcingulate,caudalmiddlefrontal,cuneus,entorhinal,frontalpole,fusiform,inferiorparietal,inferiortemporal,insula,isthmuscingulate,lateraloccipital,lateralorbitofrontal,lingual,medialorbitofrontal,middletemporal,paracentral,parahippocampal,parsopercularis,parsorbitalis,parstriangularis,pericalcarine,postcentral,posteriorcingulate,precentral,precuneus,rostralanteriorcingulate,rostralmiddlefrontal,superiorfrontal,superiorparietal,superiortemporal,supramarginal,temporalpole,transversetemporal
bankssts,1.0,0.06047931760926705,0.026976732373585072,0.049419529291257536,0.12723527485979547,0.03748277351745634,0.1865019891224487,0.3042688339215059,0.33690606557328623,0.17759091535843885,0.06786824809717402,0.08655576833925357,0.09051736589664035,0.04805125522539402,0.10504161714046678,0.508006221932434,0.08426271636964809,0.07378805437729491,0.042973638089328824,0.04711661171626436,0.05400984072130381,0.060279128058745,0.14296332292718567,0.08500722663709374,0.11068113127653961,0.07187769956412084,0.0779635004526203,0.034699151282771463,-0.008698672279086123,0.16767996138121252,0.418377283158398,0.29151963624950156,0.2623886472364836,0.35875465141040436
caudalanteriorcingulate,0.06047931760926705,1.0,0.08213481163853482,0.069536565588089,0.13408463060690973,0.0532948720176648,0.062341187559423646,0.09397517290297117,0.050448924887077744,0.05992511275820811,0.1767744125650369,0.057085490059317755,0.05941901827481585,0.0769796277483985,0.07699384374048406,0.06693945731819488,0.12390356109656035,0.07720632016562415,0.05640163480394886,0.08897628524559381,0.07671826019129604,0.07101764305380921,0.006259207511737667,0.320414917514906,0.0605277310896746,0.1827453718849535,0.44918044803539897,0.13835344714786613,0.2957731771790663,0.14659448779966652,0.05069425440339626,0.04329632189177805,0.05586252416377975,0.01694491065953823
caudalmiddlefrontal,0.026976732373585072,0.08213481163853482,1.0,-0.008952809481609201,0.009833692162301295,0.03240837143898832,0.006157087500125325,0.06413997505589379,0.047462504242810157,0.05265004582012609,-0.01288697053614927,-0.0032207526907370686,0.052195311200462696,-0.038973306983007265,0.05661765238645332,0.035780546918345355,0.08609296330995689,-0.015478243611396596,0.259946427853002,0.06263517996498136,0.04018838625687447,-0.029511969817037402,0.06053796503057202,0.05123366468889068,0.285876945778715,0.025862821905506362,0.05634003419325725,0.14923710776454518,0.28810711554091417,0.08919973798947363,0.018240826601100765,0.034645224662936236,0.061967498846555,0.0067456241552068625
cuneus,0.049419529291257536,0.069536565588089,-0.008952809481609201,1.0,0.04792102811278628,0.000987334313046983,0.05582580551464738,0.14828262170572803,0.058761809516129665,0.03962616625928755,0.1875410122983749,0.21953303870644975,-0.006780314956752304,0.4945494609305835,0.012673652239722234,0.04773867778346333,0.20005275803603514,0.07343858514438147,-0.009253246189574064,0.013143518026550465,0.014986044675026887,0.6489417123238594,0.11038715252325218,0.12242762211076046,0.11223214808639108,0.23598369369793,0.04387129546153974,0.025232827263015786,0.025132620426329272,0.18395040479695218,0.04792480970884341,0.08801000687793913,0.03723892155508393,0.03302445950935755
entorhinal,0.12723527485979547,0.13408463060690973,0.009833692162301295,0.04792102811278628,1.0,0.03962844483835563,0.2229582436540009,0.14967190268512476,0.120354224935036,0.19345319953247517,0.13988653840219317,0.056686393693617984,0.16162522853652203,0.0645835376685453,0.16112942090121804,0.12399537732548871,0.06113278065122401,0.37952050429421474,0.08448061221298611,0.12843906718568332,0.1290887728748355,0.06142551762064449,0.04021160874338107,0.09444658664369802,0.05827763704898228,0.13057630514075447,0.15132299609192246,0.045117829278055105,0.08877424796688785,0.13033520045918456,0.1319017303236633,0.0742173172411942,0.3709213621811887,0.0826814272235269
frontalpole,0.03748277351745634,0.0532948720176648,0.03240837143898832,0.000987334313046983,0.03962844483835563,1.0,-0.00011959317120723087,0.024210707307238732,0.002698990166684237,0.2223853315031791,0.008201028199148641,0.03333447088695449,0.50369389611788,0.00942205974241246,0.6495878827175413,0.05391266032560291,0.059158474934905496,-0.02447174457690328,0.0989693338715328,0.27353854118076465,0.18074394237720198,0.04437347510094076,0.03531418991982047,0.020717524946677203,0.04952949341826005,-0.0387142104859792,0.1736688062294723,0.2102118258885331,0.09263264466113726,-0.0178469736404843,0.12697739833427643,0.057884949701941406,0.3168140950192287,0.12072213831211487
fusiform,0.1865019891224487,0.062341187559423646,0.006157087500125325,0.05582580551464738,0.2229582436540009,-0.00011959317120723087,1.0,0.17133254996789937,0.509496294496282,0.0726116805840342,0.07414672673616561,0.14463974891839962,0.05102835377794699,0.13321942641029783,0.05355589066238264,0.299959222318709,0.02449720250325641,0.36623644256021204,0.028251738615225043,0.054982529345240796,0.04517740499704122,0.10716925102697931,0.0008002179064667863,0.0665353096647268,0.060213311396614025,0.12517938582436364,0.08427659877459737,0.00912113171978433,0.0009961274296273308,0.1638836942752338,0.1858576855298987,0.055383323611027976,0.1422405427490925,0.08436337168038072
inferiorparietal,0.3042688339215059,0.09397517290297117,0.06413997505589379,0.14828262170572803,0.14967190268512476,0.024210707307238732,0.17133254996789937,1.0,0.2558226182532327,0.18981213690324608,0.10793489297702955,0.19859560439174806,0.09031056303258594,0.07093811490799279,0.09787226456918482,0.38612549324609347,0.13687922483401072,0.08011635844958542,0.08863971282224696,0.11542399123145777,0.11713973532661993,0.11536304091188034,0.137074433882854,0.07413398371716702,0.09830456847940883,0.20873363877412765,0.11950321388474758,0.12993981049469855,0.07684031460754376,0.46113878673640185,0.300284944188269,0.2952910139115043,0.21884798230214983,0.24429319075242575
inferiortemporal,0.33690606557328623,0.050448924887077744,0.047462504242810157,0.058761809516129665,0.120354224935036,0.002698990166684237,0.509496294496282,0.2558226182532327,1.0,0.12168140690197096,0.07282408411128952,0.09313587147834378,0.04758573796400446,0.060970746507119256,0.06289031602857956,0.6193937585517092,0.07151989156825383,0.13835440622122155,0.041188584118574886,0.01028822326138448,0.04623724273666278,0.08565252833576266,0.017338455307136805,0.04827666422141087,0.05470546009432727,0.1017330499571735,0.0673439186958139,0.0062066686465374185,0.012511551427787983,0.21343491437533435,0.3164923747461245,0.09274611067610355,0.19077352140436887,0.15842266217943268
insula,0.17759091535843885,0.05992511275820811,0.05265004582012609,0.03962616625928755,0.19345319953247517,0.2223853315031791,0.0726116805840342,0.18981213690324608,0.12168140690197096,1.0,0.02711996673942581,0.10338598073058938,0.39221086256523496,0.03669837917303855,0.3474802166840014,0.18689494385338248,0.07435555543815094,0.07173335721352903,0.13106131758419318,0.24618808700571276,0.2930409000548983,0.07272600242416898,0.07735151581771556,0.02829773559470664,0.03212260600952718,0.07517344221561345,0.13139403711871464,0.16496519501918908,0.10458718423903464,0.16888509925778392,0.34793018363197153,0.14519441738588607,0.48029171535966186,0.3079396319125263
isthmuscingulate,0.06786824809717402,0.1767744125650369,-0.01288697053614927,0.1875410122983749,0.13988653840219317,0.008201028199148641,0.07414672673616561,0.10793489297702955,0.07282408411128952,0.02711996673942581,1.0,0.07737265894751429,0.024737655315935688,0.17782145980327094,0.008100689723716317,0.06499911290483888,0.15314950692935506,0.1452196015566527,0.05067525751091635,0.06766314472928414,0.04022916193725057,0.16645492564123016,0.06508090017752748,0.24760648292724227,0.03763928183506917,0.39046862777592706,0.13302852592273773,0.006005428704751029,0.07850049481641365,0.19226782870573864,0.013602692337533426,0.08430181913047845,0.06631683565603722,0.04095668293135802
lateraloccipital,0.08655576833925357,0.057085490059317755,-0.0032207526907370686,0.21953303870644975,0.056686393693617984,0.03333447088695449,0.14463974891839962,0.19859560439174806,0.09313587147834378,0.10338598073058938,0.07737265894751429,1.0,0.046067014543734304,0.19831613296735423,0.05201075286224786,0.09507637007288434,0.07707484999416227,0.05684673433041987,0.040452507110538626,0.06288288949201748,0.06950472644343736,0.1778211450547439,0.02292434501194311,0.06160703243214611,0.02640810946243099,0.11744228844482368,0.04794042220640796,0.06124314320316264,0.0525737126088876,0.1456460619539476,0.06437531911467767,0.04554897073901374,0.10119223537932899,0.019883504538131005
lateralorbitofrontal,0.09051736589664035,0.05941901827481585,0.052195311200462696,-0.006780314956752304,0.16162522853652203,0.50369389611788,0.05102835377794699,0.09031056303258594,0.04758573796400446,0.39221086256523496,0.024737655315935688,0.046067014543734304,1.0,0.006618043958920608,0.6826859926524356,0.10617620704606197,0.044874269102654865,0.05004406500042953,0.11888981021083742,0.4509711264045848,0.25888445536496335,0.03764165989038712,0.028756090369709855,0.032412133383822435,0.038678469678558265,0.04291364764395082,0.1687453865534552,0.1458080167929021,0.05150232078693185,0.08125462704073418,0.24114645653596664,0.07970534978202971,0.5620484386581306,0.23660382308264888
lingual,0.04805125522539402,0.0769796277483985,-0.038973306983007265,0.4945494609305835,0.0645835376685453,0.00942205974241246,0.13321942641029783,0.07093811490799279,0.060970746507119256,0.03669837917303855,0.17782145980327094,0.19831613296735423,0.006618043958920608,1.0,0.013282093130210828,0.02951396524665228,0.12428205032218327,0.1423299275395843,-0.027243096542918142,0.01226770618437303,0.036976320416944125,0.596484749132872,0.09741088530529704,0.12434766359672357,0.09457991261081479,0.1506420138892632,0.07450834198760108,0.030778200170301896,0.003349138901610896,0.07221768692728549,0.0012013252647801636,0.06602340232253713,0.04513148827944365,0.014169284461893762
medialorbitofrontal,0.10504161714046678,0.07699384374048406,0.05661765238645332,0.012673652239722234,0.16112942090121804,0.6495878827175413,0.05355589066238264,0.09787226456918482,0.06289031602857956,0.3474802166840014,0.008100689723716317,0.05201075286224786,0.6826859926524356,0.013282093130210828,1.0,0.13729289406579978,0.06383440320886198,0.044181519167629184,0.09813547856062503,0.36532895154602396,0.21738808105182225,0.05734018901461076,0.02960799261472334,0.03551644994475211,0.04010534234892393,0.022606569988141194,0.2580301376374971,0.1483341308145416,0.08787086716411942,0.08158520260123388,0.24932913618944336,0.08275735086206742,0.5455384112615851,0.20639790887073764
middletemporal,0.508006221932434,0.06693945731819488,0.035780546918345355,0.04773867778346333,0.12399537732548871,0.05391266032560291,0.299959222318709,0.38612549324609347,0.6193937585517092,0.18689494385338248,0.06499911290483888,0.09507637007288434,0.10617620704606197,0.02951396524665228,0.13729289406579978,1.0,0.08342562682144647,0.104896460370802,0.09964252977712962,0.047512067119310976,0.10004891280523553,0.06489144935946661,0.07875219965157856,0.07661212416772199,0.07027145552298698,0.09700201008982598,0.09503038424289692,0.052842544073375096,0.02709989080073512,0.25960906714448323,0.45613013813959785,0.22224366932410128,0.27163219622453744,0.27349810350000137
paracentral,0.08426271636964809,0.12390356109656035,0.08609296330995689,0.20005275803603514,0.06113278065122401,0.059158474934905496,0.02449720250325641,0.13687922483401072,0.07151989156825383,0.07435555543815094,0.15314950692935506,0.07707484999416227,0.044874269102654865,0.12428205032218327,0.06383440320886198,0.08342562682144647,1.0,0.07457378084999525,0.11754238546598786,0.020641638790031086,0.07230064095637699,0.14281826099869474,0.21181251566617942,0.26871290256429736,0.19135619406536222,0.1887594709522944,0.1250425048499969,0.11245507066138216,0.12565964581099046,0.1962814436217483,0.05725664419897802,0.10286948542363364,0.03590339899860993,0.01926375363228812
parahippocampal,0.07378805437729491,0.07720632016562415,-0.015478243611396596,0.07343858514438147,0.37952050429421474,-0.02447174457690328,0.36623644256021204,0.08011635844958542,0.13835440622122155,0.07173335721352903,0.1452196015566527,0.05684673433041987,0.05004406500042953,0.1423299275395843,0.044181519167629184,0.104896460370802,0.07457378084999525,1.0,0.009986068017871491,-0.0002407007001795906,0.04217753377918852,0.05920808626608619,0.018419549599522925,0.1214110307806559,0.0224409010196106,0.15680475401171476,0.0968377059824836,0.005212339725139926,0.03957526875111096,0.12308978774847346,0.11842930578298741,0.027580904733761517,0.10728508148304924,0.08078770220855166
parsopercularis,0.042973638089328824,0.05640163480394886,0.259946427853002,-0.009253246189574064,0.08448061221298611,0.0989693338715328,0.028251738615225043,0.08863971282224696,0.041188584118574886,0.13106131758419318,0.05067525751091635,0.040452507110538626,0.11888981021083742,-0.027243096542918142,0.09813547856062503,0.09964252977712962,0.11754238546598786,0.009986068017871491,1.0,0.1586499938223761,0.40563161107417445,0.013164019096534526,0.03874665640254047,0.05544152455182344,0.13413313327511342,0.03751674776586692,0.061746408150444035,0.19992856145839136,0.28097675621359913,0.11039703970575238,0.1239530636506801,0.10120223096173693,0.16186658553433012,0.10969793335530593
parsorbitalis,0.04711661171626436,0.08897628524559381,0.06263517996498136,0.013143518026550465,0.12843906718568332,0.27353854118076465,0.054982529345240796,0.11542399123145777,0.01028822326138448,0.24618808700571276,0.06766314472928414,0.06288288949201748,0.4509711264045848,0.01226770618437303,0.36532895154602396,0.047512067119310976,0.020641638790031086,-0.0002407007001795906,0.1586499938223761,1.0,0.4376188635578078,0.011922293754789778,0.07988139445843753,0.046592424632116713,0.05324722440384894,0.08386062392024855,0.1245632868544414,0.2524962350280979,0.09391950255572959,0.13848970607974134,0.16108155388800233,0.0769499453864854,0.40556397152299895,0.15202663588573956
parstriangularis,0.05400984072130381,0.07671826019129604,0.04018838625687447,0.014986044675026887,0.1290887728748355,0.18074394237720198,0.04517740499704122,0.11713973532661993,0.04623724273666278,0.2930409000548983,0.04022916193725057,0.06950472644343736,0.25888445536496335,0.036976320416944125,0.21738808105182225,0.10004891280523553,0.07230064095637699,0.04217753377918852,0.40563161107417445,0.4376188635578078,1.0,0.06905520428446772,0.07810321150007446,0.05204136328,0.006206435974539405,0.048221788450684026,0.10868337852290716,0.33661037564476665,0.14362353709169032,0.11997526072323512,0.18473605178312993,0.11498664677470401,0.31708335153378936,0.16869941986080758
pericalcarine,0.060279128058745,0.07101764305380921,-0.029511969817037402,0.6489417123238594,0.06142551762064449,0.04437347510094076,0.10716925102697931,0.11536304091188034,0.08565252833576266,0.07272600242416898,0.16645492564123016,0.1778211450547439,0.03764165989038712,0.596484749132872,0.05734018901461076,0.06489144935946661,0.14281826099869474,0.05920808626608619,0.013164019096534526,0.011922293754789778,0.06905520428446772,1.0,0.11127241733133257,0.13087446630119606,0.10492192615428865,0.1414510983799732,0.06854248119578739,0.048206297286455216,0.022808828849945922,0.09813416029667749,0.042623981626299816,0.08749255546916987,0.0977893606397193,0.007768899534320798
postcentral,0.14296332292718567,0.006259207511737667,0.06053796503057202,0.11038715252325218,0.04021160874338107,0.03531418991982047,0.0008002179064667863,0.137074433882854,0.017338455307136805,0.07735151581771556,0.06508090017752748,0.02292434501194311,0.028756090369709855,0.09741088530529704,0.02960799261472334,0.07875219965157856,0.21181251566617942,0.018419549599522925,0.03874665640254047,0.07988139445843753,0.07810321150007446,0.11127241733133257,1.0,0.02383182283418728,0.519621871080976,0.04065909723898492,0.023623972425392083,0.05089760612470052,0.01546314466268453,0.112000378112541,0.04199064594995853,0.45723874116235036,0.09237176380122912,0.13157482462064068
posteriorcingulate,0.08500722663709374,0.320414917514906,0.05123366468889068,0.12242762211076046,0.09444658664369802,0.020717524946677203,0.0665353096647268,0.07413398371716702,0.04827666422141087,0.02829773559470664,0.24760648292724227,0.06160703243214611,0.032412133383822435,0.12434766359672357,0.03551644994475211,0.07661212416772199,0.26871290256429736,0.1214110307806559,0.05544152455182344,0.046592424632116713,0.05204136328,0.13087446630119606,0.02383182283418728,1.0,0.027901690545431547,0.2054353614265986,0.21902160235548743,0.1162092696147745,0.11110724181422485,0.12813868432145042,0.043608560360148506,0.01309420202149361,0.05105363688510673,0.007087191705766567
precentral,0.11068113127653961,0.0605277310896746,0.285876945778715,0.11223214808639108,0.05827763704898228,0.04952949341826005,0.060213311396614025,0.09830456847940883,0.05470546009432727,0.03212260600952718,0.03763928183506917,0.02640810946243099,0.038678469678558265,0.09457991261081479,0.04010534234892393,0.07027145552298698,0.19135619406536222,0.0224409010196106,0.13413313327511342,0.05324722440384894,0.006206435974539405,0.10492192615428865,0.519621871080976,0.027901690545431547,1.0,0.04970485939255445,0.048999123641271035,0.03814406939073259,0.09433378801590603,0.07382609375887797,0.03328023945495876,0.3207784486059438,0.06096391253804481,0.04664442148072156
precuneus,0.07187769956412084,0.1827453718849535,0.025862821905506362,0.23598369369793,0.13057630514075447,-0.0387142104859792,0.12517938582436364,0.20873363877412765,0.1017330499571735,0.07517344221561345,0.39046862777592706,0.11744228844482368,0.04291364764395082,0.1506420138892632,0.022606569988141194,0.09700201008982598,0.1887594709522944,0.15680475401171476,0.03751674776586692,0.08386062392024855,0.048221788450684026,0.1414510983799732,0.04065909723898492,0.2054353614265986,0.04970485939255445,1.0,0.16181296404772832,0.015849036897180452,0.07858867969917598,0.4639082251354231,0.06970332411544534,0.09092546616305333,0.07347572863551273,0.05361820785942515
rostralanteriorcingulate,0.0779635004526203,0.44918044803539897,0.05634003419325725,0.04387129546153974,0.15132299609192246,0.1736688062294723,0.08427659877459737,0.11950321388474758,0.0673439186958139,0.13139403711871464,0.13302852592273773,0.04794042220640796,0.1687453865534552,0.07450834198760108,0.2580301376374971,0.09503038424289692,0.1250425048499969,0.0968377059824836,0.061746408150444035,0.1245632868544414,0.10868337852290716,0.06854248119578739,0.023623972425392083,0.21902160235548743,0.048999123641271035,0.16181296404772832,1.0,0.13805897704588385,0.2258319446144056,0.13123753915061115,0.0914073812914259,0.06416420903746732,0.1484594787302669,0.07326477320168456
rostralmiddlefrontal,0.034699151282771463,0.13835344714786613,0.14923710776454518,0.025232827263015786,0.045117829278055105,0.2102118258885331,0.00912113171978433,0.12993981049469855,0.0062066686465374185,0.16496519501918908,0.006005428704751029,0.06124314320316264,0.1458080167929021,0.030778200170301896,0.1483341308145416,0.052842544073375096,0.11245507066138216,0.005212339725139926,0.19992856145839136,0.2524962350280979,0.33661037564476665,0.048206297286455216,0.05089760612470052,0.1162092696147745,0.03814406939073259,0.015849036897180452,0.13805897704588385,1.0,0.28000732454542404,0.09855681966695819,0.05849726262309571,0.08648867698242192,0.16784018816681348,0.047799487283995336
superiorfrontal,-0.008698672279086123,0.2957731771790663,0.28810711554091417,0.025132620426329272,0.08877424796688785,0.09263264466113726,0.0009961274296273308,0.07684031460754376,0.012511551427787983,0.10458718423903464,0.07850049481641365,0.0525737126088876,0.05150232078693185,0.003349138901610896,0.08787086716411942,0.02709989080073512,0.12565964581099046,0.03957526875111096,0.28097675621359913,0.09391950255572959,0.14362353709169032,0.022808828849945922,0.01546314466268453,0.11110724181422485,0.09433378801590603,0.07858867969917598,0.2258319446144056,0.28000732454542404,1.0,0.14932492770629244,0.06859133358940847,0.019201183695509858,0.05369186042520188,0.03709805366847501
superiorparietal,0.16767996138121252,0.14659448779966652,0.08919973798947363,0.18395040479695218,0.13033520045918456,-0.0178469736404843,0.1638836942752338,0.46113878673640185,0.21343491437533435,0.16888509925778392,0.19226782870573864,0.1456460619539476,0.08125462704073418,0.07221768692728549,0.08158520260123388,0.25960906714448323,0.1962814436217483,0.12308978774847346,0.11039703970575238,0.13848970607974134,0.11997526072323512,0.09813416029667749,0.112000378112541,0.12813868432145042,0.07382609375887797,0.4639082251354231,0.13123753915061115,0.09855681966695819,0.14932492770629244,1.0,0.2332525169904275,0.1952173080389759,0.16245325863058002,0.1453495559024719
superiortemporal,0.418377283158398,0.05069425440339626,0.018240826601100765,0.04792480970884341,0.1319017303236633,0.12697739833427643,0.1858576855298987,0.300284944188269,0.3164923747461245,0.34793018363197153,0.013602692337533426,0.06437531911467767,0.24114645653596664,0.0012013252647801636,0.24932913618944336,0.45613013813959785,0.05725664419897802,0.11842930578298741,0.1239530636506801,0.16108155388800233,0.18473605178312993,0.042623981626299816,0.04199064594995853,0.043608560360148506,0.03328023945495876,0.06970332411544534,0.0914073812914259,0.05849726262309571,0.06859133358940847,0.2332525169904275,1.0,0.20144444957090316,0.36439848342569037,0.5903910925231194
supramarginal,0.29151963624950156,0.04329632189177805,0.034645224662936236,0.08801000687793913,0.0742173172411942,0.057884949701941406,0.055383323611027976,0.2952910139115043,0.09274611067610355,0.14519441738588607,0.08430181913047845,0.04554897073901374,0.07970534978202971,0.06602340232253713,0.08275735086206742,0.22224366932410128,0.10286948542363364,0.027580904733761517,0.10120223096173693,0.0769499453864854,0.11498664677470401,0.08749255546916987,0.45723874116235036,0.01309420202149361,0.3207784486059438,0.09092546616305333,0.06416420903746732,0.08648867698242192,0.019201183695509858,0.1952173080389759,0.20144444957090316,1.0,0.19639289338236693,0.2456282961004255
temporalpole,0.2623886472364836,0.05586252416377975,0.061967498846555,0.03723892155508393,0.3709213621811887,0.3168140950192287,0.1422405427490925,0.21884798230214983,0.19077352140436887,0.48029171535966186,0.06631683565603722,0.10119223537932899,0.5620484386581306,0.04513148827944365,0.5455384112615851,0.27163219622453744,0.03590339899860993,0.10728508148304924,0.16186658553433012,0.40556397152299895,0.31708335153378936,0.0977893606397193,0.09237176380122912,0.05105363688510673,0.06096391253804481,0.07347572863551273,0.1484594787302669,0.16784018816681348,0.05369186042520188,0.16245325863058002,0.36439848342569037,0.19639289338236693,1.0,0.32533997782653834
transversetemporal,0.35875465141040436,0.01694491065953823,0.0067456241552068625,0.03302445950935755,0.0826814272235269,0.12072213831211487,0.08436337168038072,0.24429319075242575,0.15842266217943268,0.3079396319125263,0.04095668293135802,0.019883504538131005,0.23660382308264888,0.014169284461893762,0.20639790887073764,0.27349810350000137,0.01926375363228812,0.08078770220855166,0.10969793335530593,0.15202663588573956,0.16869941986080758,0.007768899534320798,0.13157482462064068,0.007087191705766567,0.04664442148072156,0.05361820785942515,0.07326477320168456,0.047799487283995336,0.03709805366847501,0.1453495559024719,0.5903910925231194,0.2456282961004255,0.32533997782653834,1.0
